-6 1 1.14396e-08 
-5.976 1 1.32076e-08 
-5.952 1 1.52401e-08 
-5.928 1 1.75752e-08 
-5.904 1 2.02565e-08 
-5.88 1 2.33333e-08 
-5.856 1 2.68621e-08 
-5.832 1 3.09066e-08 
-5.808 1 3.55397e-08 
-5.784 1 4.08438e-08 
-5.76 1 4.69125e-08 
-5.736 1 5.38518e-08 
-5.712 1 6.1782e-08 
-5.688 1 7.08391e-08 
-5.664 1 8.11773e-08 
-5.64 1 9.29706e-08 
-5.616 1 1.06416e-07 
-5.592 1 1.21736e-07 
-5.568 1 1.3918e-07 
-5.544 1 1.59034e-07 
-5.52 1 1.81614e-07 
-5.496 1 2.07281e-07 
-5.472 1 2.36439e-07 
-5.448 1 2.69544e-07 
-5.424 1 3.07107e-07 
-5.4 1 3.49703e-07 
-5.376 1 3.97977e-07 
-5.352 1 4.52656e-07 
-5.328 1 5.14549e-07 
-5.304 1 5.84569e-07 
-5.28 1 6.63735e-07 
-5.256 1 7.53188e-07 
-5.232 1 8.54205e-07 
-5.208 1 9.68212e-07 
-5.184 1 1.0968e-06 
-5.16 1 1.24176e-06 
-5.136 1 1.40506e-06 
-5.112 1 1.58892e-06 
-5.088 1 1.79581e-06 
-5.064 1 2.02847e-06 
-5.04 1 2.28995e-06 
-5.016 1 2.58364e-06 
-4.992 1 2.91333e-06 
-4.968 1 3.28319e-06 
-4.944 1 3.69788e-06 
-4.92 1 4.16255e-06 
-4.896 1 4.68291e-06 
-4.872 1 5.26529e-06 
-4.848 1 5.91668e-06 
-4.824 1 6.64484e-06 
-4.8 1 7.4583e-06 
-4.776 1 8.36654e-06 
-4.752 1 9.37997e-06 
-4.728 1 1.05101e-05 
-4.704 1 1.17696e-05 
-4.68 1 1.31725e-05 
-4.656 1 1.4734e-05 
-4.632 1 1.64712e-05 
-4.608 1 1.84027e-05 
-4.584 1 2.05487e-05 
-4.56 1 2.29319e-05 
-4.536 1 2.55767e-05 
-4.512 1 2.851e-05 
-4.488 1 3.17615e-05 
-4.464 1 3.53635e-05 
-4.44 1 3.93513e-05 
-4.416 1 4.37635e-05 
-4.392 1 4.86424e-05 
-4.368 1 5.40341e-05 
-4.344 1 5.99889e-05 
-4.32 1 6.65616e-05 
-4.296 1 7.38119e-05 
-4.272 1 8.18048e-05 
-4.248 1 9.0611e-05 
-4.224 1 0.000100307 
-4.2 1 0.000110978 
-4.176 1 0.000122712 
-4.152 1 0.000135609 
-4.128 1 0.000149775 
-4.104 1 0.000165326 
-4.08 1 0.000182387 
-4.056 1 0.000201092 
-4.032 1 0.000221587 
-4.008 1 0.000244031 
-3.984 1 0.000268594 
-3.96 1 0.000295458 
-3.936 1 0.000324823 
-3.912 1 0.0003569 
-3.888 1 0.000391919 
-3.864 1 0.000430127 
-3.84 1 0.000471787 
-3.816 1 0.000517185 
-3.792 1 0.000566624 
-3.768 1 0.000620432 
-3.744 1 0.000678959 
-3.72 1 0.000742578 
-3.696 1 0.000811691 
-3.672 1 0.000886726 
-3.648 1 0.000968139 
-3.624 1 0.00105642 
-3.6 1 0.00115208 
-3.576 1 0.00125569 
-3.552 1 0.00136782 
-3.528 1 0.00148911 
-3.504 1 0.00162022 
-3.48 1 0.00176186 
-3.456 1 0.00191478 
-3.432 1 0.00207978 
-3.408 1 0.00225769 
-3.384 1 0.0024494 
-3.36 1 0.00265587 
-3.336 1 0.00287808 
-3.312 1 0.00311709 
-3.288 1 0.00337401 
-3.264 1 0.00364999 
-3.24 1 0.00394628 
-3.216 1 0.00426416 
-3.192 1 0.00460499 
-3.168 1 0.0049702 
-3.144 1 0.00536129 
-3.12 1 0.00577982 
-3.096 1 0.00622744 
-3.072 1 0.00670585 
-3.048 1 0.00721687 
-3.024 1 0.00776235 
-3 1 0.00834425 
-2.976 1 0.00896461 
-2.952 1 0.00962555 
-2.928 1 0.0103293 
-2.904 1 0.011078 
-2.88 1 0.0118743 
-2.856 1 0.0127204 
-2.832 1 0.0136189 
-2.808 1 0.0145726 
-2.784 1 0.015584 
-2.76 1 0.016656 
-2.736 1 0.0177916 
-2.712 1 0.0189936 
-2.688 1 0.0202651 
-2.664 1 0.0216093 
-2.64 1 0.0230294 
-2.616 1 0.0245287 
-2.592 1 0.0261106 
-2.568 1 0.0277785 
-2.544 1 0.0295359 
-2.52 1 0.0313863 
-2.496 1 0.0333336 
-2.472 1 0.0353812 
-2.448 1 0.037533 
-2.424 1 0.0397928 
-2.4 1 0.0421643 
-2.376 1 0.0446514 
-2.352 1 0.0472579 
-2.328 1 0.0499879 
-2.304 1 0.0528451 
-2.28 1 0.0558334 
-2.256 1 0.0589568 
-2.232 1 0.062219 
-2.208 1 0.065624 
-2.184 1 0.0691754 
-2.16 1 0.072877 
-2.136 1 0.0767325 
-2.112 1 0.0807454 
-2.088 1 0.0849193 
-2.064 1 0.0892574 
-2.04 1 0.0937632 
-2.016 1 0.0984398 
-1.992 1 0.10329 
-1.968 1 0.108317 
-1.944 1 0.113523 
-1.92 1 0.118911 
-1.896 1 0.124482 
-1.872 1 0.13024 
-1.848 1 0.136186 
-1.824 1 0.142321 
-1.8 1 0.148647 
-1.776 1 0.155164 
-1.752 1 0.161874 
-1.728 1 0.168777 
-1.704 1 0.175873 
-1.68 1 0.183162 
-1.656 1 0.190643 
-1.632 1 0.198316 
-1.608 1 0.206178 
-1.584 1 0.214229 
-1.56 1 0.222466 
-1.536 1 0.230886 
-1.512 1 0.239487 
-1.488 1 0.248266 
-1.464 1 0.257218 
-1.44 1 0.26634 
-1.416 1 0.275626 
-1.392 1 0.285072 
-1.368 1 0.294671 
-1.344 1 0.304419 
-1.32 1 0.314308 
-1.296 1 0.324331 
-1.272 1 0.334481 
-1.248 1 0.34475 
-1.224 1 0.35513 
-1.2 1 0.365612 
-1.176 1 0.376186 
-1.152 1 0.386844 
-1.128 1 0.397574 
-1.104 1 0.408366 
-1.08 1 0.41921 
-1.056 1 0.430094 
-1.032 1 0.441007 
-1.008 1 0.451936 
-0.984 1 0.462869 
-0.96 1 0.473794 
-0.936 1 0.484697 
-0.912 1 0.495566 
-0.888 1 0.506387 
-0.864 1 0.517146 
-0.84 1 0.527829 
-0.816 1 0.538423 
-0.792 1 0.548913 
-0.768 1 0.559286 
-0.744 1 0.569526 
-0.72 1 0.57962 
-0.696 1 0.589553 
-0.672 1 0.599311 
-0.648 1 0.60888 
-0.624 1 0.618245 
-0.6 1 0.627393 
-0.576 1 0.636309 
-0.552 1 0.644981 
-0.528 1 0.653394 
-0.504 1 0.661536 
-0.48 1 0.669394 
-0.456 1 0.676955 
-0.432 1 0.684207 
-0.408 1 0.691139 
-0.384 1 0.697739 
-0.36 1 0.703996 
-0.336 1 0.7099 
-0.312 1 0.715442 
-0.288 1 0.720612 
-0.264 1 0.725401 
-0.24 1 0.729802 
-0.216 1 0.733806 
-0.192 1 0.737408 
-0.168 1 0.7406 
-0.144 1 0.743378 
-0.12 1 0.745737 
-0.096 1 0.747672 
-0.072 1 0.749181 
-0.048 1 0.750261 
-0.024 1 0.750909 
0 1 0.751126 
0.024 1 0.750909 
0.048 1 0.750261 
0.072 1 0.749181 
0.096 1 0.747672 
0.12 1 0.745737 
0.144 1 0.743378 
0.168 1 0.7406 
0.192 1 0.737408 
0.216 1 0.733806 
0.24 1 0.729802 
0.264 1 0.725401 
0.288 1 0.720612 
0.312 1 0.715442 
0.336 1 0.7099 
0.36 1 0.703996 
0.384 1 0.697739 
0.408 1 0.691139 
0.432 1 0.684207 
0.456 1 0.676955 
0.48 1 0.669394 
0.504 1 0.661536 
0.528 1 0.653394 
0.552 1 0.644981 
0.576 1 0.636309 
0.6 1 0.627393 
0.624 1 0.618245 
0.648 1 0.60888 
0.672 1 0.599311 
0.696 1 0.589553 
0.72 1 0.57962 
0.744 1 0.569526 
0.768 1 0.559286 
0.792 1 0.548913 
0.816 1 0.538423 
0.84 1 0.527829 
0.864 1 0.517146 
0.888 1 0.506387 
0.912 1 0.495566 
0.936 1 0.484697 
0.96 1 0.473794 
0.984 1 0.462869 
1.008 1 0.451936 
1.032 1 0.441007 
1.056 1 0.430094 
1.08 1 0.41921 
1.104 1 0.408366 
1.128 1 0.397574 
1.152 1 0.386844 
1.176 1 0.376186 
1.2 1 0.365612 
1.224 1 0.35513 
1.248 1 0.34475 
1.272 1 0.334481 
1.296 1 0.324331 
1.32 1 0.314308 
1.344 1 0.304419 
1.368 1 0.294671 
1.392 1 0.285072 
1.416 1 0.275626 
1.44 1 0.26634 
1.464 1 0.257218 
1.488 1 0.248266 
1.512 1 0.239487 
1.536 1 0.230886 
1.56 1 0.222466 
1.584 1 0.214229 
1.608 1 0.206178 
1.632 1 0.198316 
1.656 1 0.190643 
1.68 1 0.183162 
1.704 1 0.175873 
1.728 1 0.168777 
1.752 1 0.161874 
1.776 1 0.155164 
1.8 1 0.148647 
1.824 1 0.142321 
1.848 1 0.136186 
1.872 1 0.13024 
1.896 1 0.124482 
1.92 1 0.118911 
1.944 1 0.113523 
1.968 1 0.108317 
1.992 1 0.10329 
2.016 1 0.0984398 
2.04 1 0.0937632 
2.064 1 0.0892574 
2.088 1 0.0849193 
2.112 1 0.0807454 
2.136 1 0.0767325 
2.16 1 0.072877 
2.184 1 0.0691754 
2.208 1 0.065624 
2.232 1 0.062219 
2.256 1 0.0589568 
2.28 1 0.0558334 
2.304 1 0.0528451 
2.328 1 0.0499879 
2.352 1 0.0472579 
2.376 1 0.0446514 
2.4 1 0.0421643 
2.424 1 0.0397928 
2.448 1 0.037533 
2.472 1 0.0353812 
2.496 1 0.0333336 
2.52 1 0.0313863 
2.544 1 0.0295359 
2.568 1 0.0277785 
2.592 1 0.0261106 
2.616 1 0.0245287 
2.64 1 0.0230294 
2.664 1 0.0216093 
2.688 1 0.0202651 
2.712 1 0.0189936 
2.736 1 0.0177916 
2.76 1 0.016656 
2.784 1 0.015584 
2.808 1 0.0145726 
2.832 1 0.0136189 
2.856 1 0.0127204 
2.88 1 0.0118743 
2.904 1 0.011078 
2.928 1 0.0103293 
2.952 1 0.00962555 
2.976 1 0.00896461 
3 1 0.00834425 
3.024 1 0.00776235 
3.048 1 0.00721687 
3.072 1 0.00670585 
3.096 1 0.00622744 
3.12 1 0.00577982 
3.144 1 0.00536129 
3.168 1 0.0049702 
3.192 1 0.00460499 
3.216 1 0.00426416 
3.24 1 0.00394628 
3.264 1 0.00364999 
3.288 1 0.00337401 
3.312 1 0.00311709 
3.336 1 0.00287808 
3.36 1 0.00265587 
3.384 1 0.0024494 
3.408 1 0.00225769 
3.432 1 0.00207978 
3.456 1 0.00191478 
3.48 1 0.00176186 
3.504 1 0.00162022 
3.528 1 0.00148911 
3.552 1 0.00136782 
3.576 1 0.00125569 
3.6 1 0.00115208 
3.624 1 0.00105642 
3.648 1 0.000968139 
3.672 1 0.000886726 
3.696 1 0.000811691 
3.72 1 0.000742578 
3.744 1 0.000678959 
3.768 1 0.000620432 
3.792 1 0.000566624 
3.816 1 0.000517185 
3.84 1 0.000471787 
3.864 1 0.000430127 
3.888 1 0.000391919 
3.912 1 0.0003569 
3.936 1 0.000324823 
3.96 1 0.000295458 
3.984 1 0.000268594 
4.008 1 0.000244031 
4.032 1 0.000221587 
4.056 1 0.000201092 
4.08 1 0.000182387 
4.104 1 0.000165326 
4.128 1 0.000149775 
4.152 1 0.000135609 
4.176 1 0.000122712 
4.2 1 0.000110978 
4.224 1 0.000100307 
4.248 1 9.0611e-05 
4.272 1 8.18048e-05 
4.296 1 7.38119e-05 
4.32 1 6.65616e-05 
4.344 1 5.99889e-05 
4.368 1 5.40341e-05 
4.392 1 4.86424e-05 
4.416 1 4.37635e-05 
4.44 1 3.93513e-05 
4.464 1 3.53635e-05 
4.488 1 3.17615e-05 
4.512 1 2.851e-05 
4.536 1 2.55767e-05 
4.56 1 2.29319e-05 
4.584 1 2.05487e-05 
4.608 1 1.84027e-05 
4.632 1 1.64712e-05 
4.656 1 1.4734e-05 
4.68 1 1.31725e-05 
4.704 1 1.17696e-05 
4.728 1 1.05101e-05 
4.752 1 9.37997e-06 
4.776 1 8.36654e-06 
4.8 1 7.4583e-06 
4.824 1 6.64484e-06 
4.848 1 5.91668e-06 
4.872 1 5.26529e-06 
4.896 1 4.68291e-06 
4.92 1 4.16255e-06 
4.944 1 3.69788e-06 
4.968 1 3.28319e-06 
4.992 1 2.91333e-06 
5.016 1 2.58364e-06 
5.04 1 2.28995e-06 
5.064 1 2.02847e-06 
5.088 1 1.79581e-06 
5.112 1 1.58892e-06 
5.136 1 1.40506e-06 
5.16 1 1.24176e-06 
5.184 1 1.0968e-06 
5.208 1 9.68212e-07 
5.232 1 8.54205e-07 
5.256 1 7.53188e-07 
5.28 1 6.63735e-07 
5.304 1 5.84569e-07 
5.328 1 5.14549e-07 
5.352 1 4.52656e-07 
5.376 1 3.97977e-07 
5.4 1 3.49703e-07 
5.424 1 3.07107e-07 
5.448 1 2.69544e-07 
5.472 1 2.36439e-07 
5.496 1 2.07281e-07 
5.52 1 1.81614e-07 
5.544 1 1.59034e-07 
5.568 1 1.3918e-07 
5.592 1 1.21736e-07 
5.616 1 1.06416e-07 
5.64 1 9.29706e-08 
5.664 1 8.11773e-08 
5.688 1 7.08391e-08 
5.712 1 6.1782e-08 
5.736 1 5.38518e-08 
5.76 1 4.69125e-08 
5.784 1 4.08438e-08 
5.808 1 3.55397e-08 
5.832 1 3.09066e-08 
5.856 1 2.68621e-08 
5.88 1 2.33333e-08 
5.904 1 2.02565e-08 
5.928 1 1.75752e-08 
5.952 1 1.52401e-08 
5.976 1 1.32076e-08 
-6 -12 -9.70685e-08 
-5.976 -11.952 -1.11622e-07 
-5.952 -11.904 -1.28282e-07 
-5.928 -11.856 -1.47341e-07 
-5.904 -11.808 -1.69132e-07 
-5.88 -11.76 -1.9403e-07 
-5.856 -11.712 -2.22462e-07 
-5.832 -11.664 -2.54909e-07 
-5.808 -11.616 -2.91915e-07 
-5.784 -11.568 -3.34095e-07 
-5.76 -11.52 -3.82143e-07 
-5.736 -11.472 -4.36842e-07 
-5.712 -11.424 -4.99074e-07 
-5.688 -11.376 -5.69833e-07 
-5.664 -11.328 -6.50239e-07 
-5.64 -11.28 -7.41549e-07 
-5.616 -11.232 -8.45179e-07 
-5.592 -11.184 -9.62719e-07 
-5.568 -11.136 -1.09595e-06 
-5.544 -11.088 -1.24689e-06 
-5.52 -11.04 -1.41776e-06 
-5.496 -10.992 -1.6111e-06 
-5.472 -10.944 -1.8297e-06 
-5.448 -10.896 -2.07674e-06 
-5.424 -10.848 -2.35572e-06 
-5.4 -10.8 -2.67059e-06 
-5.376 -10.752 -3.02575e-06 
-5.352 -10.704 -3.42609e-06 
-5.328 -10.656 -3.87709e-06 
-5.304 -10.608 -4.38485e-06 
-5.28 -10.56 -4.95614e-06 
-5.256 -10.512 -5.59853e-06 
-5.232 -10.464 -6.32041e-06 
-5.208 -10.416 -7.1311e-06 
-5.184 -10.368 -8.04098e-06 
-5.16 -10.32 -9.06153e-06 
-5.136 -10.272 -1.02055e-05 
-5.112 -10.224 -1.14871e-05 
-5.088 -10.176 -1.29218e-05 
-5.064 -10.128 -1.4527e-05 
-5.04 -10.08 -1.63219e-05 
-5.016 -10.032 -1.83276e-05 
-4.992 -9.984 -2.05674e-05 
-4.968 -9.936 -2.30671e-05 
-4.944 -9.888 -2.58551e-05 
-4.92 -9.84 -2.89627e-05 
-4.896 -9.792 -3.24244e-05 
-4.872 -9.744 -3.62781e-05 
-4.848 -9.696 -4.05654e-05 
-4.824 -9.648 -4.53322e-05 
-4.8 -9.6 -5.06286e-05 
-4.776 -9.552 -5.651e-05 
-4.752 -9.504 -6.30366e-05 
-4.728 -9.456 -7.02747e-05 
-4.704 -9.408 -7.82968e-05 
-4.68 -9.36 -8.71822e-05 
-4.656 -9.312 -9.70174e-05 
-4.632 -9.264 -0.000107897 
-4.608 -9.216 -0.000119925 
-4.584 -9.168 -0.000133213 
-4.56 -9.12 -0.000147883 
-4.536 -9.072 -0.000164071 
-4.512 -9.024 -0.000181921 
-4.488 -8.976 -0.00020159 
-4.464 -8.928 -0.000223251 
-4.44 -8.88 -0.000247091 
-4.416 -8.832 -0.00027331 
-4.392 -8.784 -0.000302129 
-4.368 -8.736 -0.000333784 
-4.344 -8.688 -0.000368533 
-4.32 -8.64 -0.000406652 
-4.296 -8.592 -0.000448441 
-4.272 -8.544 -0.000494225 
-4.248 -8.496 -0.000544353 
-4.224 -8.448 -0.0005992 
-4.2 -8.4 -0.000659173 
-4.176 -8.352 -0.000724707 
-4.152 -8.304 -0.000796271 
-4.128 -8.256 -0.000874369 
-4.104 -8.208 -0.000959542 
-4.08 -8.16 -0.00105237 
-4.056 -8.112 -0.00115347 
-4.032 -8.064 -0.00126351 
-4.008 -8.016 -0.00138321 
-3.984 -7.968 -0.00151332 
-3.96 -7.92 -0.00165465 
-3.936 -7.872 -0.00180808 
-3.912 -7.824 -0.00197452 
-3.888 -7.776 -0.00215495 
-3.864 -7.728 -0.00235044 
-3.84 -7.68 -0.00256208 
-3.816 -7.632 -0.00279106 
-3.792 -7.584 -0.00303863 
-3.768 -7.536 -0.00330613 
-3.744 -7.488 -0.00359496 
-3.72 -7.44 -0.00390661 
-3.696 -7.392 -0.00424266 
-3.672 -7.344 -0.00460476 
-3.648 -7.296 -0.00499468 
-3.624 -7.248 -0.00541426 
-3.6 -7.2 -0.00586546 
-3.576 -7.152 -0.00635031 
-3.552 -7.104 -0.00687097 
-3.528 -7.056 -0.0074297 
-3.504 -7.008 -0.00802887 
-3.48 -6.96 -0.00867095 
-3.456 -6.912 -0.00935855 
-3.432 -6.864 -0.0100944 
-3.408 -6.816 -0.0108812 
-3.384 -6.768 -0.0117221 
-3.36 -6.72 -0.0126201 
-3.336 -6.672 -0.0135783 
-3.312 -6.624 -0.0146001 
-3.288 -6.576 -0.0156889 
-3.264 -6.528 -0.0168483 
-3.24 -6.48 -0.018082 
-3.216 -6.432 -0.0193939 
-3.192 -6.384 -0.0207877 
-3.168 -6.336 -0.0222676 
-3.144 -6.288 -0.0238378 
-3.12 -6.24 -0.0255026 
-3.096 -6.192 -0.0272662 
-3.072 -6.144 -0.0291333 
-3.048 -6.096 -0.0311085 
-3.024 -6.048 -0.0331963 
-3 -6 -0.0354017 
-2.976 -5.952 -0.0377294 
-2.952 -5.904 -0.0401843 
-2.928 -5.856 -0.0427716 
-2.904 -5.808 -0.0454961 
-2.88 -5.76 -0.0483631 
-2.856 -5.712 -0.0513775 
-2.832 -5.664 -0.0545445 
-2.808 -5.616 -0.0578693 
-2.784 -5.568 -0.0613569 
-2.76 -5.52 -0.0650123 
-2.736 -5.472 -0.0688407 
-2.712 -5.424 -0.072847 
-2.688 -5.376 -0.0770359 
-2.664 -5.328 -0.0814124 
-2.64 -5.28 -0.0859809 
-2.616 -5.232 -0.090746 
-2.592 -5.184 -0.095712 
-2.568 -5.136 -0.100883 
-2.544 -5.088 -0.106263 
-2.52 -5.04 -0.111855 
-2.496 -4.992 -0.117663 
-2.472 -4.944 -0.12369 
-2.448 -4.896 -0.129939 
-2.424 -4.848 -0.136412 
-2.4 -4.8 -0.14311 
-2.376 -4.752 -0.150036 
-2.352 -4.704 -0.157191 
-2.328 -4.656 -0.164575 
-2.304 -4.608 -0.172188 
-2.28 -4.56 -0.18003 
-2.256 -4.512 -0.1881 
-2.232 -4.464 -0.196396 
-2.208 -4.416 -0.204916 
-2.184 -4.368 -0.213658 
-2.16 -4.32 -0.222617 
-2.136 -4.272 -0.23179 
-2.112 -4.224 -0.241172 
-2.088 -4.176 -0.250756 
-2.064 -4.128 -0.260537 
-2.04 -4.08 -0.270507 
-2.016 -4.032 -0.280657 
-1.992 -3.984 -0.29098 
-1.968 -3.936 -0.301464 
-1.944 -3.888 -0.312101 
-1.92 -3.84 -0.322877 
-1.896 -3.792 -0.333781 
-1.872 -3.744 -0.344799 
-1.848 -3.696 -0.355917 
-1.824 -3.648 -0.367121 
-1.8 -3.6 -0.378393 
-1.776 -3.552 -0.389717 
-1.752 -3.504 -0.401077 
-1.728 -3.456 -0.412452 
-1.704 -3.408 -0.423823 
-1.68 -3.36 -0.435171 
-1.656 -3.312 -0.446475 
-1.632 -3.264 -0.457712 
-1.608 -3.216 -0.468861 
-1.584 -3.168 -0.479897 
-1.56 -3.12 -0.490798 
-1.536 -3.072 -0.501538 
-1.512 -3.024 -0.512094 
-1.488 -2.976 -0.522439 
-1.464 -2.928 -0.532547 
-1.44 -2.88 -0.542392 
-1.416 -2.832 -0.551948 
-1.392 -2.784 -0.561188 
-1.368 -2.736 -0.570084 
-1.344 -2.688 -0.57861 
-1.32 -2.64 -0.586738 
-1.296 -2.592 -0.594441 
-1.272 -2.544 -0.601692 
-1.248 -2.496 -0.608463 
-1.224 -2.448 -0.61473 
-1.2 -2.4 -0.620464 
-1.176 -2.352 -0.625641 
-1.152 -2.304 -0.630236 
-1.128 -2.256 -0.634223 
-1.104 -2.208 -0.637579 
-1.08 -2.16 -0.640281 
-1.056 -2.112 -0.642307 
-1.032 -2.064 -0.643636 
-1.008 -2.016 -0.644247 
-0.984 -1.968 -0.644123 
-0.96 -1.92 -0.643244 
-0.936 -1.872 -0.641596 
-0.912 -1.824 -0.639163 
-0.888 -1.776 -0.635932 
-0.864 -1.728 -0.63189 
-0.84 -1.68 -0.627029 
-0.816 -1.632 -0.621339 
-0.792 -1.584 -0.614814 
-0.768 -1.536 -0.607449 
-0.744 -1.488 -0.599241 
-0.72 -1.44 -0.590189 
-0.696 -1.392 -0.580293 
-0.672 -1.344 -0.569556 
-0.648 -1.296 -0.557984 
-0.624 -1.248 -0.545582 
-0.6 -1.2 -0.53236 
-0.576 -1.152 -0.518329 
-0.552 -1.104 -0.503502 
-0.528 -1.056 -0.487893 
-0.504 -1.008 -0.471519 
-0.48 -0.96 -0.4544 
-0.456 -0.912 -0.436556 
-0.432 -0.864 -0.41801 
-0.408 -0.816 -0.398787 
-0.384 -0.768 -0.378913 
-0.36 -0.72 -0.358416 
-0.336 -0.672 -0.337328 
-0.312 -0.624 -0.315678 
-0.288 -0.576 -0.293501 
-0.264 -0.528 -0.27083 
-0.24 -0.48 -0.247703 
-0.216 -0.432 -0.224156 
-0.192 -0.384 -0.200228 
-0.168 -0.336 -0.175958 
-0.144 -0.288 -0.151387 
-0.12 -0.24 -0.126556 
-0.096 -0.192 -0.101507 
-0.072 -0.144 -0.0762842 
-0.048 -0.096 -0.0509294 
-0.024 -0.048 -0.0254867 
0 0 0 
0.024 0.048 0.0254867 
0.048 0.096 0.0509294 
0.072 0.144 0.0762842 
0.096 0.192 0.101507 
0.12 0.24 0.126556 
0.144 0.288 0.151387 
0.168 0.336 0.175958 
0.192 0.384 0.200228 
0.216 0.432 0.224156 
0.24 0.48 0.247703 
0.264 0.528 0.27083 
0.288 0.576 0.293501 
0.312 0.624 0.315678 
0.336 0.672 0.337328 
0.36 0.72 0.358416 
0.384 0.768 0.378913 
0.408 0.816 0.398787 
0.432 0.864 0.41801 
0.456 0.912 0.436556 
0.48 0.96 0.4544 
0.504 1.008 0.471519 
0.528 1.056 0.487893 
0.552 1.104 0.503502 
0.576 1.152 0.518329 
0.6 1.2 0.53236 
0.624 1.248 0.545582 
0.648 1.296 0.557984 
0.672 1.344 0.569556 
0.696 1.392 0.580293 
0.72 1.44 0.590189 
0.744 1.488 0.599241 
0.768 1.536 0.607449 
0.792 1.584 0.614814 
0.816 1.632 0.621339 
0.84 1.68 0.627029 
0.864 1.728 0.63189 
0.888 1.776 0.635932 
0.912 1.824 0.639163 
0.936 1.872 0.641596 
0.96 1.92 0.643244 
0.984 1.968 0.644123 
1.008 2.016 0.644247 
1.032 2.064 0.643636 
1.056 2.112 0.642307 
1.08 2.16 0.640281 
1.104 2.208 0.637579 
1.128 2.256 0.634223 
1.152 2.304 0.630236 
1.176 2.352 0.625641 
1.2 2.4 0.620464 
1.224 2.448 0.61473 
1.248 2.496 0.608463 
1.272 2.544 0.601692 
1.296 2.592 0.594441 
1.32 2.64 0.586738 
1.344 2.688 0.57861 
1.368 2.736 0.570084 
1.392 2.784 0.561188 
1.416 2.832 0.551948 
1.44 2.88 0.542392 
1.464 2.928 0.532547 
1.488 2.976 0.522439 
1.512 3.024 0.512094 
1.536 3.072 0.501538 
1.56 3.12 0.490798 
1.584 3.168 0.479897 
1.608 3.216 0.468861 
1.632 3.264 0.457712 
1.656 3.312 0.446475 
1.68 3.36 0.435171 
1.704 3.408 0.423823 
1.728 3.456 0.412452 
1.752 3.504 0.401077 
1.776 3.552 0.389717 
1.8 3.6 0.378393 
1.824 3.648 0.367121 
1.848 3.696 0.355917 
1.872 3.744 0.344799 
1.896 3.792 0.333781 
1.92 3.84 0.322877 
1.944 3.888 0.312101 
1.968 3.936 0.301464 
1.992 3.984 0.29098 
2.016 4.032 0.280657 
2.04 4.08 0.270507 
2.064 4.128 0.260537 
2.088 4.176 0.250756 
2.112 4.224 0.241172 
2.136 4.272 0.23179 
2.16 4.32 0.222617 
2.184 4.368 0.213658 
2.208 4.416 0.204916 
2.232 4.464 0.196396 
2.256 4.512 0.1881 
2.28 4.56 0.18003 
2.304 4.608 0.172188 
2.328 4.656 0.164575 
2.352 4.704 0.157191 
2.376 4.752 0.150036 
2.4 4.8 0.14311 
2.424 4.848 0.136412 
2.448 4.896 0.129939 
2.472 4.944 0.12369 
2.496 4.992 0.117663 
2.52 5.04 0.111855 
2.544 5.088 0.106263 
2.568 5.136 0.100883 
2.592 5.184 0.095712 
2.616 5.232 0.090746 
2.64 5.28 0.0859809 
2.664 5.328 0.0814124 
2.688 5.376 0.0770359 
2.712 5.424 0.072847 
2.736 5.472 0.0688407 
2.76 5.52 0.0650123 
2.784 5.568 0.0613569 
2.808 5.616 0.0578693 
2.832 5.664 0.0545445 
2.856 5.712 0.0513775 
2.88 5.76 0.0483631 
2.904 5.808 0.0454961 
2.928 5.856 0.0427716 
2.952 5.904 0.0401843 
2.976 5.952 0.0377294 
3 6 0.0354017 
3.024 6.048 0.0331963 
3.048 6.096 0.0311085 
3.072 6.144 0.0291333 
3.096 6.192 0.0272662 
3.12 6.24 0.0255026 
3.144 6.288 0.0238378 
3.168 6.336 0.0222676 
3.192 6.384 0.0207877 
3.216 6.432 0.0193939 
3.24 6.48 0.018082 
3.264 6.528 0.0168483 
3.288 6.576 0.0156889 
3.312 6.624 0.0146001 
3.336 6.672 0.0135783 
3.36 6.72 0.0126201 
3.384 6.768 0.0117221 
3.408 6.816 0.0108812 
3.432 6.864 0.0100944 
3.456 6.912 0.00935855 
3.48 6.96 0.00867095 
3.504 7.008 0.00802887 
3.528 7.056 0.0074297 
3.552 7.104 0.00687097 
3.576 7.152 0.00635031 
3.6 7.2 0.00586546 
3.624 7.248 0.00541426 
3.648 7.296 0.00499468 
3.672 7.344 0.00460476 
3.696 7.392 0.00424266 
3.72 7.44 0.00390661 
3.744 7.488 0.00359496 
3.768 7.536 0.00330613 
3.792 7.584 0.00303863 
3.816 7.632 0.00279106 
3.84 7.68 0.00256208 
3.864 7.728 0.00235044 
3.888 7.776 0.00215495 
3.912 7.824 0.00197452 
3.936 7.872 0.00180808 
3.96 7.92 0.00165465 
3.984 7.968 0.00151332 
4.008 8.016 0.00138321 
4.032 8.064 0.00126351 
4.056 8.112 0.00115347 
4.08 8.16 0.00105237 
4.104 8.208 0.000959542 
4.128 8.256 0.000874369 
4.152 8.304 0.000796271 
4.176 8.352 0.000724707 
4.2 8.4 0.000659173 
4.224 8.448 0.0005992 
4.248 8.496 0.000544353 
4.272 8.544 0.000494225 
4.296 8.592 0.000448441 
4.32 8.64 0.000406652 
4.344 8.688 0.000368533 
4.368 8.736 0.000333784 
4.392 8.784 0.000302129 
4.416 8.832 0.00027331 
4.44 8.88 0.000247091 
4.464 8.928 0.000223251 
4.488 8.976 0.00020159 
4.512 9.024 0.000181921 
4.536 9.072 0.000164071 
4.56 9.12 0.000147883 
4.584 9.168 0.000133213 
4.608 9.216 0.000119925 
4.632 9.264 0.000107897 
4.656 9.312 9.70174e-05 
4.68 9.36 8.71822e-05 
4.704 9.408 7.82968e-05 
4.728 9.456 7.02747e-05 
4.752 9.504 6.30366e-05 
4.776 9.552 5.651e-05 
4.8 9.6 5.06286e-05 
4.824 9.648 4.53322e-05 
4.848 9.696 4.05654e-05 
4.872 9.744 3.62781e-05 
4.896 9.792 3.24244e-05 
4.92 9.84 2.89627e-05 
4.944 9.888 2.58551e-05 
4.968 9.936 2.30671e-05 
4.992 9.984 2.05674e-05 
5.016 10.032 1.83276e-05 
5.04 10.08 1.63219e-05 
5.064 10.128 1.4527e-05 
5.088 10.176 1.29218e-05 
5.112 10.224 1.14871e-05 
5.136 10.272 1.02055e-05 
5.16 10.32 9.06153e-06 
5.184 10.368 8.04098e-06 
5.208 10.416 7.1311e-06 
5.232 10.464 6.32041e-06 
5.256 10.512 5.59853e-06 
5.28 10.56 4.95614e-06 
5.304 10.608 4.38485e-06 
5.328 10.656 3.87709e-06 
5.352 10.704 3.42609e-06 
5.376 10.752 3.02575e-06 
5.4 10.8 2.67059e-06 
5.424 10.848 2.35572e-06 
5.448 10.896 2.07674e-06 
5.472 10.944 1.8297e-06 
5.496 10.992 1.6111e-06 
5.52 11.04 1.41776e-06 
5.544 11.088 1.24689e-06 
5.568 11.136 1.09595e-06 
5.592 11.184 9.62719e-07 
5.616 11.232 8.45179e-07 
5.64 11.28 7.41549e-07 
5.664 11.328 6.50239e-07 
5.688 11.376 5.69833e-07 
5.712 11.424 4.99074e-07 
5.736 11.472 4.36842e-07 
5.76 11.52 3.82143e-07 
5.784 11.568 3.34095e-07 
5.808 11.616 2.91915e-07 
5.832 11.664 2.54909e-07 
5.856 11.712 2.22462e-07 
5.88 11.76 1.9403e-07 
5.904 11.808 1.69132e-07 
5.928 11.856 1.47341e-07 
5.952 11.904 1.28282e-07 
5.976 11.952 1.11622e-07 
-6 142 5.74322e-07 
-5.976 140.85 6.57715e-07 
-5.952 139.705 7.52759e-07 
-5.928 138.565 8.61012e-07 
-5.904 137.429 9.84231e-07 
-5.88 136.298 1.1244e-06 
-5.856 135.171 1.28374e-06 
-5.832 134.049 1.46477e-06 
-5.808 132.931 1.67031e-06 
-5.784 131.819 1.90352e-06 
-5.76 130.71 2.16797e-06 
-5.736 129.607 2.46765e-06 
-5.712 128.508 2.80702e-06 
-5.688 127.413 3.19112e-06 
-5.664 126.324 3.62555e-06 
-5.64 125.238 4.1166e-06 
-5.616 124.158 4.67128e-06 
-5.592 123.082 5.29745e-06 
-5.568 122.01 6.00386e-06 
-5.544 120.944 6.80029e-06 
-5.52 119.882 7.69763e-06 
-5.496 118.824 8.70801e-06 
-5.472 117.771 9.84495e-06 
-5.448 116.723 1.11235e-05 
-5.424 115.679 1.25603e-05 
-5.4 114.64 1.41739e-05 
-5.376 113.606 1.5985e-05 
-5.352 112.576 1.80164e-05 
-5.328 111.55 2.02933e-05 
-5.304 110.53 2.28439e-05 
-5.28 109.514 2.56991e-05 
-5.256 108.502 2.88933e-05 
-5.232 107.495 3.24643e-05 
-5.208 106.493 3.64541e-05 
-5.184 105.495 4.09089e-05 
-5.16 104.502 4.58795e-05 
-5.136 103.514 5.1422e-05 
-5.112 102.53 5.75983e-05 
-5.088 101.551 6.44762e-05 
-5.064 100.576 7.21305e-05 
-5.04 99.6064 8.06431e-05 
-5.016 98.641 9.01042e-05 
-4.992 97.6803 0.000100612 
-4.968 96.7241 0.000112276 
-4.944 95.7725 0.000125213 
-4.92 94.8256 0.000139553 
-4.896 93.8833 0.000155439 
-4.872 92.9455 0.000173024 
-4.848 92.0124 0.000192477 
-4.824 91.0839 0.000213984 
-4.8 90.16 0.000237744 
-4.776 89.2407 0.000263976 
-4.752 88.326 0.000292917 
-4.728 87.4159 0.000324827 
-4.704 86.5105 0.000359986 
-4.68 85.6096 0.000398698 
-4.656 84.7133 0.000441294 
-4.632 83.8217 0.000488133 
-4.608 82.9347 0.0005396 
-4.584 82.0522 0.000596116 
-4.56 81.1744 0.000658133 
-4.536 80.3012 0.000726141 
-4.512 79.4326 0.000800666 
-4.488 78.5686 0.000882278 
-4.464 77.7092 0.000971589 
-4.44 76.8544 0.00106926 
-4.416 76.0042 0.00117599 
-4.392 75.1587 0.00129256 
-4.368 74.3177 0.00141976 
-4.344 73.4813 0.00155849 
-4.32 72.6496 0.00170967 
-4.296 71.8225 0.00187431 
-4.272 70.9999 0.00205349 
-4.248 70.182 0.00224834 
-4.224 69.3687 0.00246009 
-4.2 68.56 0.00269005 
-4.176 67.7559 0.00293961 
-4.152 66.9564 0.00321023 
-4.128 66.1615 0.00350349 
-4.104 65.3713 0.00382106 
-4.08 64.5856 0.0041647 
-4.056 63.8045 0.00453629 
-4.032 63.0281 0.0049378 
-4.008 62.2563 0.00537135 
-3.984 61.489 0.00583914 
-3.96 60.7264 0.0063435 
-3.936 59.9684 0.0068869 
-3.912 59.215 0.00747194 
-3.888 58.4662 0.00810133 
-3.864 57.722 0.00877794 
-3.84 56.9824 0.00950478 
-3.816 56.2474 0.010285 
-3.792 55.5171 0.0111218 
-3.768 54.7913 0.0120188 
-3.744 54.0701 0.0129794 
-3.72 53.3536 0.0140075 
-3.696 52.6417 0.0151069 
-3.672 51.9343 0.0162817 
-3.648 51.2316 0.017536 
-3.624 50.5335 0.0188743 
-3.6 49.84 0.020301 
-3.576 49.1511 0.0218208 
-3.552 48.4668 0.0234385 
-3.528 47.7871 0.025159 
-3.504 47.1121 0.0269875 
-3.48 46.4416 0.0289291 
-3.456 45.7757 0.0309892 
-3.432 45.1145 0.0331732 
-3.408 44.4579 0.0354868 
-3.384 43.8058 0.0379356 
-3.36 43.1584 0.0405254 
-3.336 42.5156 0.043262 
-3.312 41.8774 0.0461513 
-3.288 41.2438 0.0491993 
-3.264 40.6148 0.052412 
-3.24 39.9904 0.0557954 
-3.216 39.3706 0.0593555 
-3.192 38.7555 0.0630982 
-3.168 38.1449 0.0670294 
-3.144 37.5389 0.0711552 
-3.12 36.9376 0.0754811 
-3.096 36.3409 0.0800128 
-3.072 35.7487 0.0847559 
-3.048 35.1612 0.0897155 
-3.024 34.5783 0.0948968 
-3 34 0.100305 
-2.976 33.4263 0.105944 
-2.952 32.8572 0.111818 
-2.928 32.2927 0.117931 
-2.904 31.7329 0.124287 
-2.88 31.1776 0.130889 
-2.856 30.6269 0.137739 
-2.832 30.0809 0.14484 
-2.808 29.5395 0.152193 
-2.784 29.0026 0.159798 
-2.76 28.4704 0.167656 
-2.736 27.9428 0.175768 
-2.712 27.4198 0.18413 
-2.688 26.9014 0.192743 
-2.664 26.3876 0.201602 
-2.64 25.8784 0.210705 
-2.616 25.3738 0.220047 
-2.592 24.8739 0.229623 
-2.568 24.3785 0.239425 
-2.544 23.8877 0.249448 
-2.52 23.4016 0.259682 
-2.496 22.9201 0.270117 
-2.472 22.4431 0.280744 
-2.448 21.9708 0.291551 
-2.424 21.5031 0.302524 
-2.4 21.04 0.31365 
-2.376 20.5815 0.324913 
-2.352 20.1276 0.336296 
-2.328 19.6783 0.347783 
-2.304 19.2337 0.359353 
-2.28 18.7936 0.370988 
-2.256 18.3581 0.382664 
-2.232 17.9273 0.39436 
-2.208 17.5011 0.406052 
-2.184 17.0794 0.417715 
-2.16 16.6624 0.429322 
-2.136 16.25 0.440846 
-2.112 15.8422 0.452259 
-2.088 15.439 0.463532 
-2.064 15.0404 0.474633 
-2.04 14.6464 0.485533 
-2.016 14.257 0.496197 
-1.992 13.8723 0.506595 
-1.968 13.4921 0.516691 
-1.944 13.1165 0.526451 
-1.92 12.7456 0.535841 
-1.896 12.3793 0.544826 
-1.872 12.0175 0.55337 
-1.848 11.6604 0.561437 
-1.824 11.3079 0.568992 
-1.8 10.96 0.575998 
-1.776 10.6167 0.58242 
-1.752 10.278 0.588224 
-1.728 9.94394 0.593373 
-1.704 9.61446 0.597834 
-1.68 9.2896 0.601573 
-1.656 8.96934 0.604557 
-1.632 8.6537 0.606756 
-1.608 8.34266 0.608138 
-1.584 8.03622 0.608674 
-1.56 7.7344 0.608338 
-1.536 7.43718 0.607102 
-1.512 7.14458 0.604943 
-1.488 6.85658 0.601838 
-1.464 6.57318 0.597768 
-1.44 6.2944 0.592714 
-1.416 6.02022 0.586662 
-1.392 5.75066 0.579598 
-1.368 5.4857 0.571511 
-1.344 5.22534 0.562395 
-1.32 4.9696 0.552245 
-1.296 4.71846 0.541058 
-1.272 4.47194 0.528838 
-1.248 4.23002 0.515587 
-1.224 3.9927 0.501314 
-1.2 3.76 0.48603 
-1.176 3.5319 0.46975 
-1.152 3.30842 0.452492 
-1.128 3.08954 0.434276 
-1.104 2.87526 0.415129 
-1.08 2.6656 0.395077 
-1.056 2.46054 0.374154 
-1.032 2.2601 0.352393 
-1.008 2.06426 0.329834 
-0.984 1.87302 0.306519 
-0.96 1.6864 0.282491 
-0.936 1.50438 0.257801 
-0.912 1.32698 0.232498 
-0.888 1.15418 0.206638 
-0.864 0.985984 0.180276 
-0.84 0.8224 0.153473 
-0.816 0.663424 0.12629 
-0.792 0.509056 0.0987926 
-0.768 0.359296 0.0710463 
-0.744 0.214144 0.0431196 
-0.72 0.0736 0.0150826 
-0.696 -0.062336 -0.0129932 
-0.672 -0.193664 -0.0410352 
-0.648 -0.320384 -0.0689695 
-0.624 -0.442496 -0.0967219 
-0.6 -0.56 -0.124217 
-0.576 -0.672896 -0.151381 
-0.552 -0.781184 -0.178137 
-0.528 -0.884864 -0.204412 
-0.504 -0.983936 -0.230131 
-0.48 -1.0784 -0.255221 
-0.456 -1.16826 -0.27961 
-0.432 -1.2535 -0.303227 
-0.408 -1.33414 -0.326004 
-0.384 -1.41018 -0.347873 
-0.36 -1.4816 -0.368771 
-0.336 -1.54842 -0.388633 
-0.312 -1.61062 -0.407403 
-0.288 -1.66822 -0.425021 
-0.264 -1.72122 -0.441437 
-0.24 -1.7696 -0.456599 
-0.216 -1.81338 -0.470462 
-0.192 -1.85254 -0.482982 
-0.168 -1.8871 -0.494122 
-0.144 -1.91706 -0.503848 
-0.12 -1.9424 -0.512129 
-0.096 -1.96314 -0.518939 
-0.072 -1.97926 -0.524259 
-0.048 -1.99078 -0.52807 
-0.024 -1.9977 -0.530361 
0 -2 -0.531126 
0.024 -1.9977 -0.530361 
0.048 -1.99078 -0.52807 
0.072 -1.97926 -0.524259 
0.096 -1.96314 -0.518939 
0.12 -1.9424 -0.512129 
0.144 -1.91706 -0.503848 
0.168 -1.8871 -0.494122 
0.192 -1.85254 -0.482982 
0.216 -1.81338 -0.470462 
0.24 -1.7696 -0.456599 
0.264 -1.72122 -0.441437 
0.288 -1.66822 -0.425021 
0.312 -1.61062 -0.407403 
0.336 -1.54842 -0.388633 
0.36 -1.4816 -0.368771 
0.384 -1.41018 -0.347873 
0.408 -1.33414 -0.326004 
0.432 -1.2535 -0.303227 
0.456 -1.16826 -0.27961 
0.48 -1.0784 -0.255221 
0.504 -0.983936 -0.230131 
0.528 -0.884864 -0.204412 
0.552 -0.781184 -0.178137 
0.576 -0.672896 -0.151381 
0.6 -0.56 -0.124217 
0.624 -0.442496 -0.0967219 
0.648 -0.320384 -0.0689695 
0.672 -0.193664 -0.0410352 
0.696 -0.062336 -0.0129932 
0.72 0.0736 0.0150826 
0.744 0.214144 0.0431196 
0.768 0.359296 0.0710463 
0.792 0.509056 0.0987926 
0.816 0.663424 0.12629 
0.84 0.8224 0.153473 
0.864 0.985984 0.180276 
0.888 1.15418 0.206638 
0.912 1.32698 0.232498 
0.936 1.50438 0.257801 
0.96 1.6864 0.282491 
0.984 1.87302 0.306519 
1.008 2.06426 0.329834 
1.032 2.2601 0.352393 
1.056 2.46054 0.374154 
1.08 2.6656 0.395077 
1.104 2.87526 0.415129 
1.128 3.08954 0.434276 
1.152 3.30842 0.452492 
1.176 3.5319 0.46975 
1.2 3.76 0.48603 
1.224 3.9927 0.501314 
1.248 4.23002 0.515587 
1.272 4.47194 0.528838 
1.296 4.71846 0.541058 
1.32 4.9696 0.552245 
1.344 5.22534 0.562395 
1.368 5.4857 0.571511 
1.392 5.75066 0.579598 
1.416 6.02022 0.586662 
1.44 6.2944 0.592714 
1.464 6.57318 0.597768 
1.488 6.85658 0.601838 
1.512 7.14458 0.604943 
1.536 7.43718 0.607102 
1.56 7.7344 0.608338 
1.584 8.03622 0.608674 
1.608 8.34266 0.608138 
1.632 8.6537 0.606756 
1.656 8.96934 0.604557 
1.68 9.2896 0.601573 
1.704 9.61446 0.597834 
1.728 9.94394 0.593373 
1.752 10.278 0.588224 
1.776 10.6167 0.58242 
1.8 10.96 0.575998 
1.824 11.3079 0.568992 
1.848 11.6604 0.561437 
1.872 12.0175 0.55337 
1.896 12.3793 0.544826 
1.92 12.7456 0.535841 
1.944 13.1165 0.526451 
1.968 13.4921 0.516691 
1.992 13.8723 0.506595 
2.016 14.257 0.496197 
2.04 14.6464 0.485533 
2.064 15.0404 0.474633 
2.088 15.439 0.463532 
2.112 15.8422 0.452259 
2.136 16.25 0.440846 
2.16 16.6624 0.429322 
2.184 17.0794 0.417715 
2.208 17.5011 0.406052 
2.232 17.9273 0.39436 
2.256 18.3581 0.382664 
2.28 18.7936 0.370988 
2.304 19.2337 0.359353 
2.328 19.6783 0.347783 
2.352 20.1276 0.336296 
2.376 20.5815 0.324913 
2.4 21.04 0.31365 
2.424 21.5031 0.302524 
2.448 21.9708 0.291551 
2.472 22.4431 0.280744 
2.496 22.9201 0.270117 
2.52 23.4016 0.259682 
2.544 23.8877 0.249448 
2.568 24.3785 0.239425 
2.592 24.8739 0.229623 
2.616 25.3738 0.220047 
2.64 25.8784 0.210705 
2.664 26.3876 0.201602 
2.688 26.9014 0.192743 
2.712 27.4198 0.18413 
2.736 27.9428 0.175768 
2.76 28.4704 0.167656 
2.784 29.0026 0.159798 
2.808 29.5395 0.152193 
2.832 30.0809 0.14484 
2.856 30.6269 0.137739 
2.88 31.1776 0.130889 
2.904 31.7329 0.124287 
2.928 32.2927 0.117931 
2.952 32.8572 0.111818 
2.976 33.4263 0.105944 
3 34 0.100305 
3.024 34.5783 0.0948968 
3.048 35.1612 0.0897155 
3.072 35.7487 0.0847559 
3.096 36.3409 0.0800128 
3.12 36.9376 0.0754811 
3.144 37.5389 0.0711552 
3.168 38.1449 0.0670294 
3.192 38.7555 0.0630982 
3.216 39.3706 0.0593555 
3.24 39.9904 0.0557954 
3.264 40.6148 0.052412 
3.288 41.2438 0.0491993 
3.312 41.8774 0.0461513 
3.336 42.5156 0.043262 
3.36 43.1584 0.0405254 
3.384 43.8058 0.0379356 
3.408 44.4579 0.0354868 
3.432 45.1145 0.0331732 
3.456 45.7757 0.0309892 
3.48 46.4416 0.0289291 
3.504 47.1121 0.0269875 
3.528 47.7871 0.025159 
3.552 48.4668 0.0234385 
3.576 49.1511 0.0218208 
3.6 49.84 0.020301 
3.624 50.5335 0.0188743 
3.648 51.2316 0.017536 
3.672 51.9343 0.0162817 
3.696 52.6417 0.0151069 
3.72 53.3536 0.0140075 
3.744 54.0701 0.0129794 
3.768 54.7913 0.0120188 
3.792 55.5171 0.0111218 
3.816 56.2474 0.010285 
3.84 56.9824 0.00950478 
3.864 57.722 0.00877794 
3.888 58.4662 0.00810133 
3.912 59.215 0.00747194 
3.936 59.9684 0.0068869 
3.96 60.7264 0.0063435 
3.984 61.489 0.00583914 
4.008 62.2563 0.00537135 
4.032 63.0281 0.0049378 
4.056 63.8045 0.00453629 
4.08 64.5856 0.0041647 
4.104 65.3713 0.00382106 
4.128 66.1615 0.00350349 
4.152 66.9564 0.00321023 
4.176 67.7559 0.00293961 
4.2 68.56 0.00269005 
4.224 69.3687 0.00246009 
4.248 70.182 0.00224834 
4.272 70.9999 0.00205349 
4.296 71.8225 0.00187431 
4.32 72.6496 0.00170967 
4.344 73.4813 0.00155849 
4.368 74.3177 0.00141976 
4.392 75.1587 0.00129256 
4.416 76.0042 0.00117599 
4.44 76.8544 0.00106926 
4.464 77.7092 0.000971589 
4.488 78.5686 0.000882278 
4.512 79.4326 0.000800666 
4.536 80.3012 0.000726141 
4.56 81.1744 0.000658133 
4.584 82.0522 0.000596116 
4.608 82.9347 0.0005396 
4.632 83.8217 0.000488133 
4.656 84.7133 0.000441294 
4.68 85.6096 0.000398698 
4.704 86.5105 0.000359986 
4.728 87.4159 0.000324827 
4.752 88.326 0.000292917 
4.776 89.2407 0.000263976 
4.8 90.16 0.000237744 
4.824 91.0839 0.000213984 
4.848 92.0124 0.000192477 
4.872 92.9455 0.000173024 
4.896 93.8833 0.000155439 
4.92 94.8256 0.000139553 
4.944 95.7725 0.000125213 
4.968 96.7241 0.000112276 
4.992 97.6803 0.000100612 
5.016 98.641 9.01042e-05 
5.04 99.6064 8.06431e-05 
5.064 100.576 7.21305e-05 
5.088 101.551 6.44762e-05 
5.112 102.53 5.75983e-05 
5.136 103.514 5.1422e-05 
5.16 104.502 4.58795e-05 
5.184 105.495 4.09089e-05 
5.208 106.493 3.64541e-05 
5.232 107.495 3.24643e-05 
5.256 108.502 2.88933e-05 
5.28 109.514 2.56991e-05 
5.304 110.53 2.28439e-05 
5.328 111.55 2.02933e-05 
5.352 112.576 1.80164e-05 
5.376 113.606 1.5985e-05 
5.4 114.64 1.41739e-05 
5.424 115.679 1.25603e-05 
5.448 116.723 1.11235e-05 
5.472 117.771 9.84495e-06 
5.496 118.824 8.70801e-06 
5.52 119.882 7.69763e-06 
5.544 120.944 6.80029e-06 
5.568 122.01 6.00386e-06 
5.592 123.082 5.29745e-06 
5.616 124.158 4.67128e-06 
5.64 125.238 4.1166e-06 
5.664 126.324 3.62555e-06 
5.688 127.413 3.19112e-06 
5.712 128.508 2.80702e-06 
5.736 129.607 2.46765e-06 
5.76 130.71 2.16797e-06 
5.784 131.819 1.90352e-06 
5.808 132.931 1.67031e-06 
5.832 134.049 1.46477e-06 
5.856 135.171 1.28374e-06 
5.88 136.298 1.1244e-06 
5.904 137.429 9.84231e-07 
5.928 138.565 8.61012e-07 
5.952 139.705 7.52759e-07 
5.976 140.85 6.57715e-07 
-6 -1656 -2.73433e-06 
-5.976 -1635.63 -3.11811e-06 
-5.952 -1615.43 -3.55351e-06 
-5.928 -1595.4 -4.04716e-06 
-5.904 -1575.53 -4.60649e-06 
-5.88 -1555.82 -5.23981e-06 
-5.856 -1536.27 -5.95645e-06 
-5.832 -1516.89 -6.76683e-06 
-5.808 -1497.67 -7.68261e-06 
-5.784 -1478.61 -8.71682e-06 
-5.76 -1459.7 -9.88399e-06 
-5.736 -1440.96 -1.12004e-05 
-5.712 -1422.38 -1.2684e-05 
-5.688 -1403.95 -1.4355e-05 
-5.664 -1385.68 -1.62359e-05 
-5.64 -1367.57 -1.83516e-05 
-5.616 -1349.61 -2.07298e-05 
-5.592 -1331.81 -2.34013e-05 
-5.568 -1314.16 -2.64002e-05 
-5.544 -1296.67 -2.97645e-05 
-5.52 -1279.33 -3.35361e-05 
-5.496 -1262.15 -3.77614e-05 
-5.472 -1245.11 -4.2492e-05 
-5.448 -1228.23 -4.77846e-05 
-5.424 -1211.49 -5.3702e-05 
-5.4 -1194.91 -6.03135e-05 
-5.376 -1178.48 -6.76954e-05 
-5.352 -1162.19 -7.59321e-05 
-5.328 -1146.06 -8.51162e-05 
-5.304 -1130.07 -9.53497e-05 
-5.28 -1114.22 -0.000106745 
-5.256 -1098.53 -0.000119425 
-5.232 -1082.97 -0.000133524 
-5.208 -1067.57 -0.000149192 
-5.184 -1052.3 -0.00016659 
-5.16 -1037.18 -0.000185897 
-5.136 -1022.21 -0.000207307 
-5.112 -1007.37 -0.000231032 
-5.088 -992.679 -0.000257305 
-5.064 -978.126 -0.000286379 
-5.04 -963.713 -0.000318531 
-5.016 -949.439 -0.000354061 
-4.992 -935.304 -0.000393298 
-4.968 -921.307 -0.000436596 
-4.944 -907.447 -0.000484344 
-4.92 -893.724 -0.00053696 
-4.896 -880.137 -0.000594902 
-4.872 -866.685 -0.000658663 
-4.848 -853.368 -0.000728776 
-4.824 -840.186 -0.000805822 
-4.8 -827.136 -0.000890423 
-4.776 -814.219 -0.000983256 
-4.752 -801.434 -0.00108505 
-4.728 -788.781 -0.00119658 
-4.704 -776.258 -0.0013187 
-4.68 -763.866 -0.00145232 
-4.656 -751.603 -0.00159841 
-4.632 -739.468 -0.00175803 
-4.608 -727.462 -0.00193228 
-4.584 -715.583 -0.00212239 
-4.56 -703.831 -0.00232963 
-4.536 -692.204 -0.00255539 
-4.512 -680.704 -0.00280114 
-4.488 -669.328 -0.00306845 
-4.464 -658.076 -0.003359 
-4.44 -646.947 -0.00367457 
-4.416 -635.941 -0.00401706 
-4.392 -625.058 -0.00438849 
-4.368 -614.295 -0.00479099 
-4.344 -603.654 -0.00522683 
-4.32 -593.133 -0.00569843 
-4.296 -582.731 -0.00620831 
-4.272 -572.447 -0.00675918 
-4.248 -562.282 -0.00735385 
-4.224 -552.235 -0.00799533 
-4.2 -542.304 -0.00868675 
-4.176 -532.489 -0.00943142 
-4.152 -522.79 -0.0102328 
-4.128 -513.206 -0.0110946 
-4.104 -503.735 -0.0120205 
-4.08 -494.378 -0.0130146 
-4.056 -485.134 -0.0140811 
-4.032 -476.003 -0.0152242 
-4.008 -466.982 -0.0164485 
-3.984 -458.073 -0.0177586 
-3.96 -449.273 -0.0191596 
-3.936 -440.583 -0.0206564 
-3.912 -432.002 -0.0222542 
-3.888 -423.529 -0.0239585 
-3.864 -415.163 -0.0257748 
-3.84 -406.905 -0.0277088 
-3.816 -398.752 -0.0297665 
-3.792 -390.705 -0.0319539 
-3.768 -382.763 -0.0342771 
-3.744 -374.925 -0.0367424 
-3.72 -367.191 -0.0393562 
-3.696 -359.559 -0.0421251 
-3.672 -352.03 -0.0450555 
-3.648 -344.602 -0.0481543 
-3.624 -337.275 -0.051428 
-3.6 -330.048 -0.0548834 
-3.576 -322.921 -0.0585272 
-3.552 -315.892 -0.0623661 
-3.528 -308.962 -0.0664067 
-3.504 -302.129 -0.0706558 
-3.48 -295.394 -0.0751195 
-3.456 -288.754 -0.0798044 
-3.432 -282.21 -0.0847166 
-3.408 -275.761 -0.0898619 
-3.384 -269.406 -0.095246 
-3.36 -263.144 -0.100874 
-3.336 -256.976 -0.106752 
-3.312 -250.9 -0.112883 
-3.288 -244.915 -0.119273 
-3.264 -239.021 -0.125924 
-3.24 -233.218 -0.13284 
-3.216 -227.504 -0.140024 
-3.192 -221.879 -0.147477 
-3.168 -216.342 -0.155201 
-3.144 -210.893 -0.163196 
-3.12 -205.531 -0.171463 
-3.096 -200.255 -0.179999 
-3.072 -195.064 -0.188804 
-3.048 -189.959 -0.197873 
-3.024 -184.938 -0.207204 
-3 -180 -0.21679 
-2.976 -175.145 -0.226626 
-2.952 -170.373 -0.236704 
-2.928 -165.682 -0.247016 
-2.904 -161.072 -0.257551 
-2.88 -156.543 -0.268299 
-2.856 -152.093 -0.279247 
-2.832 -147.722 -0.290381 
-2.808 -143.43 -0.301685 
-2.784 -139.215 -0.313143 
-2.76 -135.077 -0.324737 
-2.736 -131.015 -0.336445 
-2.712 -127.029 -0.348248 
-2.688 -123.118 -0.360122 
-2.664 -119.281 -0.372042 
-2.64 -115.518 -0.383983 
-2.616 -111.828 -0.395917 
-2.592 -108.21 -0.407815 
-2.568 -104.664 -0.419648 
-2.544 -101.189 -0.431381 
-2.52 -97.7841 -0.442984 
-2.496 -94.449 -0.454421 
-2.472 -91.1829 -0.465656 
-2.448 -87.9851 -0.476653 
-2.424 -84.855 -0.487373 
-2.4 -81.792 -0.497777 
-2.376 -78.7953 -0.507825 
-2.352 -75.8643 -0.517478 
-2.328 -72.9983 -0.526693 
-2.304 -70.1967 -0.535428 
-2.28 -67.4588 -0.543641 
-2.256 -64.7839 -0.551291 
-2.232 -62.1714 -0.558333 
-2.208 -59.6207 -0.564727 
-2.184 -57.1309 -0.57043 
-2.16 -54.7016 -0.5754 
-2.136 -52.3319 -0.579596 
-2.112 -50.0214 -0.582978 
-2.088 -47.7692 -0.585508 
-2.064 -45.5747 -0.587148 
-2.04 -43.4373 -0.587861 
-2.016 -41.3563 -0.587614 
-1.992 -39.3311 -0.586372 
-1.968 -37.3609 -0.584107 
-1.944 -35.4451 -0.58079 
-1.92 -33.5831 -0.576396 
-1.896 -31.7742 -0.570902 
-1.872 -30.0177 -0.564289 
-1.848 -28.3129 -0.556539 
-1.824 -26.6592 -0.547641 
-1.8 -25.056 -0.537584 
-1.776 -23.5025 -0.526364 
-1.752 -21.9982 -0.513977 
-1.728 -20.5422 -0.500428 
-1.704 -19.1341 -0.485722 
-1.68 -17.7731 -0.46987 
-1.656 -16.4585 -0.452888 
-1.632 -15.1897 -0.434795 
-1.608 -13.966 -0.415617 
-1.584 -12.7868 -0.395383 
-1.56 -11.6513 -0.374126 
-1.536 -10.559 -0.351885 
-1.512 -9.5092 -0.328705 
-1.488 -8.50117 -0.304632 
-1.464 -7.53428 -0.27972 
-1.44 -6.60787 -0.254025 
-1.416 -5.72127 -0.227611 
-1.392 -4.87383 -0.200541 
-1.368 -4.06486 -0.172887 
-1.344 -3.29372 -0.144723 
-1.32 -2.55974 -0.116126 
-1.296 -1.86226 -0.0871782 
-1.272 -1.20061 -0.0579631 
-1.248 -0.57412 -0.0285685 
-1.224 0.0178606 0.000915511 
-1.2 0.576 0.0303964 
-1.176 1.10096 0.0597798 
-1.152 1.59341 0.0889697 
-1.128 2.05401 0.117869 
-1.104 2.48342 0.146379 
-1.08 2.8823 0.174402 
-1.056 3.25133 0.201839 
-1.032 3.59116 0.228591 
-1.008 3.90246 0.254563 
-0.984 4.18589 0.279657 
-0.96 4.44211 0.30378 
-0.936 4.67179 0.326839 
-0.912 4.8756 0.348746 
-0.888 5.05418 0.369413 
-0.864 5.20822 0.38876 
-0.84 5.33837 0.406707 
-0.816 5.44529 0.423179 
-0.792 5.52966 0.438108 
-0.768 5.59212 0.451429 
-0.744 5.63335 0.463084 
-0.72 5.65402 0.47302 
-0.696 5.65477 0.481191 
-0.672 5.63628 0.487556 
-0.648 5.59922 0.492083 
-0.624 5.54424 0.494745 
-0.6 5.472 0.495524 
-0.576 5.38318 0.494409 
-0.552 5.27843 0.491395 
-0.528 5.15842 0.486487 
-0.504 5.02381 0.479696 
-0.48 4.87526 0.471042 
-0.456 4.71345 0.460551 
-0.432 4.53903 0.44826 
-0.408 4.35266 0.43421 
-0.384 4.15502 0.418451 
-0.36 3.94675 0.401042 
-0.336 3.72854 0.382046 
-0.312 3.50103 0.361534 
-0.288 3.2649 0.339586 
-0.264 3.0208 0.316286 
-0.24 2.76941 0.291723 
-0.216 2.51138 0.265995 
-0.192 2.24738 0.239201 
-0.168 1.97807 0.211448 
-0.144 1.70411 0.182847 
-0.12 1.42618 0.153511 
-0.096 1.14492 0.123557 
-0.072 0.861014 0.0931057 
-0.048 0.575115 0.0622797 
-0.024 0.287889 0.0312027 
0 0 0 
0.024 -0.287889 -0.0312027 
0.048 -0.575115 -0.0622797 
0.072 -0.861014 -0.0931057 
0.096 -1.14492 -0.123557 
0.12 -1.42618 -0.153511 
0.144 -1.70411 -0.182847 
0.168 -1.97807 -0.211448 
0.192 -2.24738 -0.239201 
0.216 -2.51138 -0.265995 
0.24 -2.76941 -0.291723 
0.264 -3.0208 -0.316286 
0.288 -3.2649 -0.339586 
0.312 -3.50103 -0.361534 
0.336 -3.72854 -0.382046 
0.36 -3.94675 -0.401042 
0.384 -4.15502 -0.418451 
0.408 -4.35266 -0.43421 
0.432 -4.53903 -0.44826 
0.456 -4.71345 -0.460551 
0.48 -4.87526 -0.471042 
0.504 -5.02381 -0.479696 
0.528 -5.15842 -0.486487 
0.552 -5.27843 -0.491395 
0.576 -5.38318 -0.494409 
0.6 -5.472 -0.495524 
0.624 -5.54424 -0.494745 
0.648 -5.59922 -0.492083 
0.672 -5.63628 -0.487556 
0.696 -5.65477 -0.481191 
0.72 -5.65402 -0.47302 
0.744 -5.63335 -0.463084 
0.768 -5.59212 -0.451429 
0.792 -5.52966 -0.438108 
0.816 -5.44529 -0.423179 
0.84 -5.33837 -0.406707 
0.864 -5.20822 -0.38876 
0.888 -5.05418 -0.369413 
0.912 -4.8756 -0.348746 
0.936 -4.67179 -0.326839 
0.96 -4.44211 -0.30378 
0.984 -4.18589 -0.279657 
1.008 -3.90246 -0.254563 
1.032 -3.59116 -0.228591 
1.056 -3.25133 -0.201839 
1.08 -2.8823 -0.174402 
1.104 -2.48342 -0.146379 
1.128 -2.05401 -0.117869 
1.152 -1.59341 -0.0889697 
1.176 -1.10096 -0.0597798 
1.2 -0.576 -0.0303964 
1.224 -0.0178606 -0.000915511 
1.248 0.57412 0.0285685 
1.272 1.20061 0.0579631 
1.296 1.86226 0.0871782 
1.32 2.55974 0.116126 
1.344 3.29372 0.144723 
1.368 4.06486 0.172887 
1.392 4.87383 0.200541 
1.416 5.72127 0.227611 
1.44 6.60787 0.254025 
1.464 7.53428 0.27972 
1.488 8.50117 0.304632 
1.512 9.5092 0.328705 
1.536 10.559 0.351885 
1.56 11.6513 0.374126 
1.584 12.7868 0.395383 
1.608 13.966 0.415617 
1.632 15.1897 0.434795 
1.656 16.4585 0.452888 
1.68 17.7731 0.46987 
1.704 19.1341 0.485722 
1.728 20.5422 0.500428 
1.752 21.9982 0.513977 
1.776 23.5025 0.526364 
1.8 25.056 0.537584 
1.824 26.6592 0.547641 
1.848 28.3129 0.556539 
1.872 30.0177 0.564289 
1.896 31.7742 0.570902 
1.92 33.5831 0.576396 
1.944 35.4451 0.58079 
1.968 37.3609 0.584107 
1.992 39.3311 0.586372 
2.016 41.3563 0.587614 
2.04 43.4373 0.587861 
2.064 45.5747 0.587148 
2.088 47.7692 0.585508 
2.112 50.0214 0.582978 
2.136 52.3319 0.579596 
2.16 54.7016 0.5754 
2.184 57.1309 0.57043 
2.208 59.6207 0.564727 
2.232 62.1714 0.558333 
2.256 64.7839 0.551291 
2.28 67.4588 0.543641 
2.304 70.1967 0.535428 
2.328 72.9983 0.526693 
2.352 75.8643 0.517478 
2.376 78.7953 0.507825 
2.4 81.792 0.497777 
2.424 84.855 0.487373 
2.448 87.9851 0.476653 
2.472 91.1829 0.465656 
2.496 94.449 0.454421 
2.52 97.7841 0.442984 
2.544 101.189 0.431381 
2.568 104.664 0.419648 
2.592 108.21 0.407815 
2.616 111.828 0.395917 
2.64 115.518 0.383983 
2.664 119.281 0.372042 
2.688 123.118 0.360122 
2.712 127.029 0.348248 
2.736 131.015 0.336445 
2.76 135.077 0.324737 
2.784 139.215 0.313143 
2.808 143.43 0.301685 
2.832 147.722 0.290381 
2.856 152.093 0.279247 
2.88 156.543 0.268299 
2.904 161.072 0.257551 
2.928 165.682 0.247016 
2.952 170.373 0.236704 
2.976 175.145 0.226626 
3 180 0.21679 
3.024 184.938 0.207204 
3.048 189.959 0.197873 
3.072 195.064 0.188804 
3.096 200.255 0.179999 
3.12 205.531 0.171463 
3.144 210.893 0.163196 
3.168 216.342 0.155201 
3.192 221.879 0.147477 
3.216 227.504 0.140024 
3.24 233.218 0.13284 
3.264 239.021 0.125924 
3.288 244.915 0.119273 
3.312 250.9 0.112883 
3.336 256.976 0.106752 
3.36 263.144 0.100874 
3.384 269.406 0.095246 
3.408 275.761 0.0898619 
3.432 282.21 0.0847166 
3.456 288.754 0.0798044 
3.48 295.394 0.0751195 
3.504 302.129 0.0706558 
3.528 308.962 0.0664067 
3.552 315.892 0.0623661 
3.576 322.921 0.0585272 
3.6 330.048 0.0548834 
3.624 337.275 0.051428 
3.648 344.602 0.0481543 
3.672 352.03 0.0450555 
3.696 359.559 0.0421251 
3.72 367.191 0.0393562 
3.744 374.925 0.0367424 
3.768 382.763 0.0342771 
3.792 390.705 0.0319539 
3.816 398.752 0.0297665 
3.84 406.905 0.0277088 
3.864 415.163 0.0257748 
3.888 423.529 0.0239585 
3.912 432.002 0.0222542 
3.936 440.583 0.0206564 
3.96 449.273 0.0191596 
3.984 458.073 0.0177586 
4.008 466.982 0.0164485 
4.032 476.003 0.0152242 
4.056 485.134 0.0140811 
4.08 494.378 0.0130146 
4.104 503.735 0.0120205 
4.128 513.206 0.0110946 
4.152 522.79 0.0102328 
4.176 532.489 0.00943142 
4.2 542.304 0.00868675 
4.224 552.235 0.00799533 
4.248 562.282 0.00735385 
4.272 572.447 0.00675918 
4.296 582.731 0.00620831 
4.32 593.133 0.00569843 
4.344 603.654 0.00522683 
4.368 614.295 0.00479099 
4.392 625.058 0.00438849 
4.416 635.941 0.00401706 
4.44 646.947 0.00367457 
4.464 658.076 0.003359 
4.488 669.328 0.00306845 
4.512 680.704 0.00280114 
4.536 692.204 0.00255539 
4.56 703.831 0.00232963 
4.584 715.583 0.00212239 
4.608 727.462 0.00193228 
4.632 739.468 0.00175803 
4.656 751.603 0.00159841 
4.68 763.866 0.00145232 
4.704 776.258 0.0013187 
4.728 788.781 0.00119658 
4.752 801.434 0.00108505 
4.776 814.219 0.000983256 
4.8 827.136 0.000890423 
4.824 840.186 0.000805822 
4.848 853.368 0.000728776 
4.872 866.685 0.000658663 
4.896 880.137 0.000594902 
4.92 893.724 0.00053696 
4.944 907.447 0.000484344 
4.968 921.307 0.000436596 
4.992 935.304 0.000393298 
5.016 949.439 0.000354061 
5.04 963.713 0.000318531 
5.064 978.126 0.000286379 
5.088 992.679 0.000257305 
5.112 1007.37 0.000231032 
5.136 1022.21 0.000207307 
5.16 1037.18 0.000185897 
5.184 1052.3 0.00016659 
5.208 1067.57 0.000149192 
5.232 1082.97 0.000133524 
5.256 1098.53 0.000119425 
5.28 1114.22 0.000106745 
5.304 1130.07 9.53497e-05 
5.328 1146.06 8.51162e-05 
5.352 1162.19 7.59321e-05 
5.376 1178.48 6.76954e-05 
5.4 1194.91 6.03135e-05 
5.424 1211.49 5.3702e-05 
5.448 1228.23 4.77846e-05 
5.472 1245.11 4.2492e-05 
5.496 1262.15 3.77614e-05 
5.52 1279.33 3.35361e-05 
5.544 1296.67 2.97645e-05 
5.568 1314.16 2.64002e-05 
5.592 1331.81 2.34013e-05 
5.616 1349.61 2.07298e-05 
5.64 1367.57 1.83516e-05 
5.664 1385.68 1.62359e-05 
5.688 1403.95 1.4355e-05 
5.712 1422.38 1.2684e-05 
5.736 1440.96 1.12004e-05 
5.76 1459.7 9.88399e-06 
5.784 1478.61 8.71682e-06 
5.808 1497.67 7.68261e-06 
5.832 1516.89 6.76683e-06 
5.856 1536.27 5.95645e-06 
5.88 1555.82 5.23981e-06 
5.904 1575.53 4.60649e-06 
5.928 1595.4 4.04716e-06 
5.952 1615.43 3.55351e-06 
5.976 1635.63 3.11811e-06 
-6 19020 1.11034e-05 
-5.976 18704 1.26065e-05 
-5.952 18391.9 1.43037e-05 
-5.928 18083.7 1.62189e-05 
-5.904 17779.3 1.83786e-05 
-5.88 17478.7 2.08123e-05 
-5.856 17181.8 2.35528e-05 
-5.832 16888.7 2.66369e-05 
-5.808 16599.3 3.0105e-05 
-5.784 16313.6 3.40025e-05 
-5.76 16031.5 3.83793e-05 
-5.736 15753.1 4.32912e-05 
-5.712 15478.2 4.87996e-05 
-5.688 15206.9 5.49727e-05 
-5.664 14939.1 6.1886e-05 
-5.64 14674.7 6.96227e-05 
-5.616 14413.9 7.82749e-05 
-5.592 14156.5 8.79443e-05 
-5.568 13902.5 9.87427e-05 
-5.544 13651.8 0.000110794 
-5.52 13404.5 0.000124233 
-5.496 13160.6 0.000139209 
-5.472 12919.9 0.000155888 
-5.448 12682.4 0.000174448 
-5.424 12448.2 0.000195088 
-5.4 12217.2 0.000218025 
-5.376 11989.4 0.000243494 
-5.352 11764.7 0.000271758 
-5.328 11543.1 0.000303098 
-5.304 11324.6 0.000337825 
-5.28 11109.1 0.000376278 
-5.256 10896.7 0.000418825 
-5.232 10687.3 0.000465869 
-5.208 10480.8 0.000517846 
-5.184 10277.3 0.000575232 
-5.16 10076.7 0.000638544 
-5.136 9879.03 0.000708343 
-5.112 9684.2 0.000785237 
-5.088 9492.19 0.000869884 
-5.064 9303 0.000962997 
-5.04 9116.58 0.00106535 
-5.016 8932.92 0.00117777 
-4.992 8751.99 0.00130116 
-4.968 8573.76 0.00143649 
-4.944 8398.2 0.0015848 
-4.92 8225.29 0.00174721 
-4.896 8055 0.00192493 
-4.872 7887.31 0.00211927 
-4.848 7722.19 0.00233159 
-4.824 7559.61 0.00256341 
-4.8 7399.55 0.0028163 
-4.776 7241.98 0.00309198 
-4.752 7086.88 0.00339227 
-4.728 6934.22 0.00371911 
-4.704 6783.98 0.00407456 
-4.68 6636.13 0.00446083 
-4.656 6490.64 0.00488027 
-4.632 6347.5 0.00533536 
-4.608 6206.68 0.00582874 
-4.584 6068.15 0.00636321 
-4.56 5931.89 0.00694172 
-4.536 5797.87 0.0075674 
-4.512 5666.07 0.00824355 
-4.488 5536.47 0.00897365 
-4.464 5409.04 0.00976135 
-4.44 5283.76 0.0106105 
-4.416 5160.61 0.0115252 
-4.392 5039.55 0.0125096 
-4.368 4920.58 0.0135681 
-4.344 4803.66 0.0147054 
-4.32 4688.77 0.0159264 
-4.296 4575.89 0.017236 
-4.272 4464.99 0.0186395 
-4.248 4356.06 0.0201423 
-4.224 4249.07 0.0217501 
-4.2 4143.99 0.0234687 
-4.176 4040.82 0.0253041 
-4.152 3939.51 0.0272625 
-4.128 3840.06 0.0293503 
-4.104 3742.43 0.031574 
-4.08 3646.61 0.0339404 
-4.056 3552.58 0.0364563 
-4.032 3460.32 0.0391286 
-4.008 3369.79 0.0419646 
-3.984 3280.99 0.0449712 
-3.96 3193.88 0.0481559 
-3.936 3108.46 0.051526 
-3.912 3024.69 0.0550887 
-3.888 2942.56 0.0588514 
-3.864 2862.05 0.0628215 
-3.84 2783.13 0.0670062 
-3.816 2705.79 0.0714126 
-3.792 2630.01 0.0760477 
-3.768 2555.76 0.0809185 
-3.744 2483.02 0.0860316 
-3.72 2411.78 0.0913932 
-3.696 2342.01 0.0970095 
-3.672 2273.7 0.102886 
-3.648 2206.83 0.109029 
-3.624 2141.37 0.115441 
-3.6 2077.31 0.122129 
-3.576 2014.62 0.129095 
-3.552 1953.3 0.136343 
-3.528 1893.31 0.143875 
-3.504 1834.65 0.151692 
-3.48 1777.29 0.159796 
-3.456 1721.21 0.168186 
-3.432 1666.4 0.176861 
-3.408 1612.84 0.185818 
-3.384 1560.5 0.195056 
-3.36 1509.38 0.204569 
-3.336 1459.45 0.214352 
-3.312 1410.7 0.224397 
-3.288 1363.1 0.234697 
-3.264 1316.64 0.245242 
-3.24 1271.31 0.25602 
-3.216 1227.08 0.267018 
-3.192 1183.94 0.278223 
-3.168 1141.87 0.289619 
-3.144 1100.86 0.301187 
-3.12 1060.89 0.312908 
-3.096 1021.93 0.324762 
-3.072 983.982 0.336725 
-3.048 947.021 0.348773 
-3.024 911.033 0.360879 
-3 876 0.373015 
-2.976 841.907 0.38515 
-2.952 808.739 0.397254 
-2.928 776.479 0.409292 
-2.904 745.112 0.421229 
-2.88 714.622 0.433029 
-2.856 684.994 0.444653 
-2.832 656.213 0.45606 
-2.808 628.264 0.46721 
-2.784 601.131 0.47806 
-2.76 574.8 0.488566 
-2.736 549.257 0.498683 
-2.712 524.486 0.508364 
-2.688 500.473 0.517564 
-2.664 477.204 0.526235 
-2.64 454.664 0.534329 
-2.616 432.84 0.541798 
-2.592 411.718 0.548594 
-2.568 391.283 0.554669 
-2.544 371.522 0.559975 
-2.52 352.422 0.564467 
-2.496 333.969 0.568096 
-2.472 316.149 0.57082 
-2.448 298.95 0.572594 
-2.424 282.359 0.573376 
-2.4 266.362 0.573126 
-2.376 250.946 0.571808 
-2.352 236.1 0.569384 
-2.328 221.81 0.565823 
-2.304 208.065 0.561096 
-2.28 194.851 0.555176 
-2.256 182.156 0.54804 
-2.232 169.97 0.539671 
-2.208 158.279 0.530052 
-2.184 147.071 0.519175 
-2.16 136.336 0.507033 
-2.136 126.062 0.493626 
-2.112 116.237 0.478958 
-2.088 106.85 0.463037 
-2.064 97.8901 0.44588 
-2.04 89.3458 0.427505 
-2.016 81.2065 0.40794 
-1.992 73.4614 0.387215 
-1.968 66.0999 0.365369 
-1.944 59.1114 0.342444 
-1.92 52.4855 0.318489 
-1.896 46.2121 0.293561 
-1.872 40.2809 0.267719 
-1.848 34.682 0.24103 
-1.824 29.4055 0.213566 
-1.8 24.4416 0.185404 
-1.776 19.7808 0.156628 
-1.752 15.4135 0.127325 
-1.728 11.3304 0.0975872 
-1.704 7.52221 0.0675118 
-1.68 3.97987 0.0371997 
-1.656 0.69438 0.00675543 
-1.632 -2.34311 -0.0237129 
-1.608 -5.14134 -0.0540945 
-1.584 -7.7089 -0.0842761 
-1.56 -10.0543 -0.114142 
-1.536 -12.1858 -0.143577 
-1.512 -14.1116 -0.172462 
-1.488 -15.84 -0.200681 
-1.464 -17.3787 -0.228115 
-1.44 -18.7357 -0.254648 
-1.416 -19.9187 -0.280166 
-1.392 -20.9352 -0.304555 
-1.368 -21.7927 -0.327705 
-1.344 -22.4985 -0.34951 
-1.32 -23.0599 -0.369868 
-1.296 -23.4838 -0.388679 
-1.272 -23.7773 -0.405853 
-1.248 -23.9471 -0.421301 
-1.224 -23.9999 -0.434943 
-1.2 -23.9424 -0.446707 
-1.176 -23.7809 -0.456526 
-1.152 -23.5217 -0.464343 
-1.128 -23.1711 -0.470108 
-1.104 -22.735 -0.473782 
-1.08 -22.2194 -0.475333 
-1.056 -21.6301 -0.47474 
-1.032 -20.9727 -0.471992 
-1.008 -20.2529 -0.467088 
-0.984 -19.476 -0.460036 
-0.96 -18.6473 -0.450857 
-0.936 -17.7719 -0.439581 
-0.912 -16.8549 -0.426249 
-0.888 -15.9013 -0.410912 
-0.864 -14.9157 -0.393633 
-0.84 -13.9029 -0.374483 
-0.816 -12.8673 -0.353545 
-0.792 -11.8133 -0.33091 
-0.768 -10.7453 -0.30668 
-0.744 -9.66729 -0.280966 
-0.72 -8.58338 -0.253885 
-0.696 -7.49743 -0.225564 
-0.672 -6.41318 -0.196137 
-0.648 -5.33428 -0.165746 
-0.624 -4.26423 -0.134535 
-0.6 -3.2064 -0.102658 
-0.576 -2.16404 -0.0702698 
-0.552 -1.14028 -0.0375312 
-0.528 -0.138104 -0.00460485 
-0.504 0.839618 0.0283446 
-0.48 1.79015 0.0611512 
-0.456 2.71087 0.0936489 
-0.432 3.5993 0.125673 
-0.408 4.45309 0.157058 
-0.384 5.27 0.187646 
-0.36 6.04794 0.217276 
-0.336 6.78492 0.245797 
-0.312 7.4791 0.27306 
-0.288 8.12876 0.298924 
-0.264 8.73231 0.323253 
-0.24 9.28828 0.345919 
-0.216 9.79534 0.366805 
-0.192 10.2523 0.3858 
-0.168 10.658 0.402804 
-0.144 11.0116 0.417727 
-0.12 11.3121 0.430491 
-0.096 11.559 0.441027 
-0.072 11.7516 0.449281 
-0.048 11.8895 0.455208 
-0.024 11.9724 0.458777 
0 12 0.459969 
0.024 11.9724 0.458777 
0.048 11.8895 0.455208 
0.072 11.7516 0.449281 
0.096 11.559 0.441027 
0.12 11.3121 0.430491 
0.144 11.0116 0.417727 
0.168 10.658 0.402804 
0.192 10.2523 0.3858 
0.216 9.79534 0.366805 
0.24 9.28828 0.345919 
0.264 8.73231 0.323253 
0.288 8.12876 0.298924 
0.312 7.4791 0.27306 
0.336 6.78492 0.245797 
0.36 6.04794 0.217276 
0.384 5.27 0.187646 
0.408 4.45309 0.157058 
0.432 3.5993 0.125673 
0.456 2.71087 0.0936489 
0.48 1.79015 0.0611512 
0.504 0.839618 0.0283446 
0.528 -0.138104 -0.00460485 
0.552 -1.14028 -0.0375312 
0.576 -2.16404 -0.0702698 
0.6 -3.2064 -0.102658 
0.624 -4.26423 -0.134535 
0.648 -5.33428 -0.165746 
0.672 -6.41318 -0.196137 
0.696 -7.49743 -0.225564 
0.72 -8.58338 -0.253885 
0.744 -9.66729 -0.280966 
0.768 -10.7453 -0.30668 
0.792 -11.8133 -0.33091 
0.816 -12.8673 -0.353545 
0.84 -13.9029 -0.374483 
0.864 -14.9157 -0.393633 
0.888 -15.9013 -0.410912 
0.912 -16.8549 -0.426249 
0.936 -17.7719 -0.439581 
0.96 -18.6473 -0.450857 
0.984 -19.476 -0.460036 
1.008 -20.2529 -0.467088 
1.032 -20.9727 -0.471992 
1.056 -21.6301 -0.47474 
1.08 -22.2194 -0.475333 
1.104 -22.735 -0.473782 
1.128 -23.1711 -0.470108 
1.152 -23.5217 -0.464343 
1.176 -23.7809 -0.456526 
1.2 -23.9424 -0.446707 
1.224 -23.9999 -0.434943 
1.248 -23.9471 -0.421301 
1.272 -23.7773 -0.405853 
1.296 -23.4838 -0.388679 
1.32 -23.0599 -0.369868 
1.344 -22.4985 -0.34951 
1.368 -21.7927 -0.327705 
1.392 -20.9352 -0.304555 
1.416 -19.9187 -0.280166 
1.44 -18.7357 -0.254648 
1.464 -17.3787 -0.228115 
1.488 -15.84 -0.200681 
1.512 -14.1116 -0.172462 
1.536 -12.1858 -0.143577 
1.56 -10.0543 -0.114142 
1.584 -7.7089 -0.0842761 
1.608 -5.14134 -0.0540945 
1.632 -2.34311 -0.0237129 
1.656 0.69438 0.00675543 
1.68 3.97987 0.0371997 
1.704 7.52221 0.0675118 
1.728 11.3304 0.0975872 
1.752 15.4135 0.127325 
1.776 19.7808 0.156628 
1.8 24.4416 0.185404 
1.824 29.4055 0.213566 
1.848 34.682 0.24103 
1.872 40.2809 0.267719 
1.896 46.2121 0.293561 
1.92 52.4855 0.318489 
1.944 59.1114 0.342444 
1.968 66.0999 0.365369 
1.992 73.4614 0.387215 
2.016 81.2065 0.40794 
2.04 89.3458 0.427505 
2.064 97.8901 0.44588 
2.088 106.85 0.463037 
2.112 116.237 0.478958 
2.136 126.062 0.493626 
2.16 136.336 0.507033 
2.184 147.071 0.519175 
2.208 158.279 0.530052 
2.232 169.97 0.539671 
2.256 182.156 0.54804 
2.28 194.851 0.555176 
2.304 208.065 0.561096 
2.328 221.81 0.565823 
2.352 236.1 0.569384 
2.376 250.946 0.571808 
2.4 266.362 0.573126 
2.424 282.359 0.573376 
2.448 298.95 0.572594 
2.472 316.149 0.57082 
2.496 333.969 0.568096 
2.52 352.422 0.564467 
2.544 371.522 0.559975 
2.568 391.283 0.554669 
2.592 411.718 0.548594 
2.616 432.84 0.541798 
2.64 454.664 0.534329 
2.664 477.204 0.526235 
2.688 500.473 0.517564 
2.712 524.486 0.508364 
2.736 549.257 0.498683 
2.76 574.8 0.488566 
2.784 601.131 0.47806 
2.808 628.264 0.46721 
2.832 656.213 0.45606 
2.856 684.994 0.444653 
2.88 714.622 0.433029 
2.904 745.112 0.421229 
2.928 776.479 0.409292 
2.952 808.739 0.397254 
2.976 841.907 0.38515 
3 876 0.373015 
3.024 911.033 0.360879 
3.048 947.021 0.348773 
3.072 983.982 0.336725 
3.096 1021.93 0.324762 
3.12 1060.89 0.312908 
3.144 1100.86 0.301187 
3.168 1141.87 0.289619 
3.192 1183.94 0.278223 
3.216 1227.08 0.267018 
3.24 1271.31 0.25602 
3.264 1316.64 0.245242 
3.288 1363.1 0.234697 
3.312 1410.7 0.224397 
3.336 1459.45 0.214352 
3.36 1509.38 0.204569 
3.384 1560.5 0.195056 
3.408 1612.84 0.185818 
3.432 1666.4 0.176861 
3.456 1721.21 0.168186 
3.48 1777.29 0.159796 
3.504 1834.65 0.151692 
3.528 1893.31 0.143875 
3.552 1953.3 0.136343 
3.576 2014.62 0.129095 
3.6 2077.31 0.122129 
3.624 2141.37 0.115441 
3.648 2206.83 0.109029 
3.672 2273.7 0.102886 
3.696 2342.01 0.0970095 
3.72 2411.78 0.0913932 
3.744 2483.02 0.0860316 
3.768 2555.76 0.0809185 
3.792 2630.01 0.0760477 
3.816 2705.79 0.0714126 
3.84 2783.13 0.0670062 
3.864 2862.05 0.0628215 
3.888 2942.56 0.0588514 
3.912 3024.69 0.0550887 
3.936 3108.46 0.051526 
3.96 3193.88 0.0481559 
3.984 3280.99 0.0449712 
4.008 3369.79 0.0419646 
4.032 3460.32 0.0391286 
4.056 3552.58 0.0364563 
4.08 3646.61 0.0339404 
4.104 3742.43 0.031574 
4.128 3840.06 0.0293503 
4.152 3939.51 0.0272625 
4.176 4040.82 0.0253041 
4.2 4143.99 0.0234687 
4.224 4249.07 0.0217501 
4.248 4356.06 0.0201423 
4.272 4464.99 0.0186395 
4.296 4575.89 0.017236 
4.32 4688.77 0.0159264 
4.344 4803.66 0.0147054 
4.368 4920.58 0.0135681 
4.392 5039.55 0.0125096 
4.416 5160.61 0.0115252 
4.44 5283.76 0.0106105 
4.464 5409.04 0.00976135 
4.488 5536.47 0.00897365 
4.512 5666.07 0.00824355 
4.536 5797.87 0.0075674 
4.56 5931.89 0.00694172 
4.584 6068.15 0.00636321 
4.608 6206.68 0.00582874 
4.632 6347.5 0.00533536 
4.656 6490.64 0.00488027 
4.68 6636.13 0.00446083 
4.704 6783.98 0.00407456 
4.728 6934.22 0.00371911 
4.752 7086.88 0.00339227 
4.776 7241.98 0.00309198 
4.8 7399.55 0.0028163 
4.824 7559.61 0.00256341 
4.848 7722.19 0.00233159 
4.872 7887.31 0.00211927 
4.896 8055 0.00192493 
4.92 8225.29 0.00174721 
4.944 8398.2 0.0015848 
4.968 8573.76 0.00143649 
4.992 8751.99 0.00130116 
5.016 8932.92 0.00117777 
5.04 9116.58 0.00106535 
5.064 9303 0.000962997 
5.088 9492.19 0.000869884 
5.112 9684.2 0.000785237 
5.136 9879.03 0.000708343 
5.16 10076.7 0.000638544 
5.184 10277.3 0.000575232 
5.208 10480.8 0.000517846 
5.232 10687.3 0.000465869 
5.256 10896.7 0.000418825 
5.28 11109.1 0.000376278 
5.304 11324.6 0.000337825 
5.328 11543.1 0.000303098 
5.352 11764.7 0.000271758 
5.376 11989.4 0.000243494 
5.4 12217.2 0.000218025 
5.424 12448.2 0.000195088 
5.448 12682.4 0.000174448 
5.472 12919.9 0.000155888 
5.496 13160.6 0.000139209 
5.52 13404.5 0.000124233 
5.544 13651.8 0.000110794 
5.568 13902.5 9.87427e-05 
5.592 14156.5 8.79443e-05 
5.616 14413.9 7.82749e-05 
5.64 14674.7 6.96227e-05 
5.664 14939.1 6.1886e-05 
5.688 15206.9 5.49727e-05 
5.712 15478.2 4.87996e-05 
5.736 15753.1 4.32912e-05 
5.76 16031.5 3.83793e-05 
5.784 16313.6 3.40025e-05 
5.808 16599.3 3.0105e-05 
5.832 16888.7 2.66369e-05 
5.856 17181.8 2.35528e-05 
5.88 17478.7 2.08123e-05 
5.904 17779.3 1.83786e-05 
5.928 18083.7 1.62189e-05 
5.952 18391.9 1.43037e-05 
5.976 18704 1.26065e-05 
-6 -214992 -3.96889e-05 
-5.976 -210465 -4.4858e-05 
-5.952 -206014 -5.06663e-05 
-5.928 -201637 -5.71881e-05 
-5.904 -197333 -6.45058e-05 
-5.88 -193102 -7.27108e-05 
-5.856 -188943 -8.1904e-05 
-5.832 -184855 -9.21971e-05 
-5.808 -180836 -0.000103713 
-5.784 -176887 -0.000116589 
-5.76 -173006 -0.000130973 
-5.736 -169191 -0.000147032 
-5.712 -165444 -0.000164948 
-5.688 -161762 -0.00018492 
-5.664 -158144 -0.000207168 
-5.64 -154591 -0.000231933 
-5.616 -151100 -0.000259481 
-5.592 -147672 -0.000290101 
-5.568 -144305 -0.00032411 
-5.544 -140998 -0.000361857 
-5.52 -137752 -0.00040372 
-5.496 -134564 -0.000450113 
-5.472 -131434 -0.00050149 
-5.448 -128362 -0.000558342 
-5.424 -125346 -0.000621206 
-5.4 -122387 -0.000690664 
-5.376 -119482 -0.000767352 
-5.352 -116631 -0.000851957 
-5.328 -113835 -0.000945226 
-5.304 -111090 -0.00104797 
-5.28 -108399 -0.00116105 
-5.256 -105758 -0.00128544 
-5.232 -103168 -0.00142214 
-5.208 -100628 -0.00157225 
-5.184 -98136.8 -0.00173698 
-5.16 -95694.4 -0.0019176 
-5.136 -93299.8 -0.00211548 
-5.112 -90952.2 -0.00233212 
-5.088 -88651.1 -0.00256909 
-5.064 -86395.8 -0.0028281 
-5.04 -84185.5 -0.00311098 
-5.016 -82019.6 -0.00341967 
-4.992 -79897.4 -0.00375627 
-4.968 -77818.4 -0.004123 
-4.944 -75781.8 -0.00452223 
-4.92 -73787.1 -0.00495649 
-4.896 -71833.5 -0.00542847 
-4.872 -69920.5 -0.00594102 
-4.848 -68047.4 -0.00649717 
-4.824 -66213.6 -0.00710012 
-4.8 -64418.5 -0.00775328 
-4.776 -62661.6 -0.00846022 
-4.752 -60942.2 -0.00922473 
-4.728 -59259.7 -0.0100508 
-4.704 -57613.6 -0.0109426 
-4.68 -56003.2 -0.0119046 
-4.656 -54428.1 -0.0129413 
-4.632 -52887.5 -0.0140577 
-4.608 -51381.1 -0.0152587 
-4.584 -49908.1 -0.0165497 
-4.56 -48468.2 -0.0179362 
-4.536 -47060.6 -0.0194239 
-4.512 -45685 -0.0210187 
-4.488 -44340.8 -0.0227268 
-4.464 -43027.3 -0.0245547 
-4.44 -41744.2 -0.0265088 
-4.416 -40491 -0.0285959 
-4.392 -39267 -0.0308232 
-4.368 -38071.8 -0.0331976 
-4.344 -36904.9 -0.0357265 
-4.32 -35765.9 -0.0384173 
-4.296 -34654.2 -0.0412778 
-4.272 -33569.3 -0.0443155 
-4.248 -32510.8 -0.0475383 
-4.224 -31478.2 -0.050954 
-4.2 -30471.1 -0.0545705 
-4.176 -29489 -0.0583957 
-4.152 -28531.4 -0.0624375 
-4.128 -27597.9 -0.0667037 
-4.104 -26688 -0.071202 
-4.08 -25801.3 -0.0759398 
-4.056 -24937.5 -0.0809246 
-4.032 -24096 -0.0861635 
-4.008 -23276.4 -0.0916633 
-3.984 -22478.3 -0.0974304 
-3.96 -21701.4 -0.103471 
-3.936 -20945.1 -0.10979 
-3.912 -20209.2 -0.116394 
-3.888 -19493.1 -0.123286 
-3.864 -18796.6 -0.13047 
-3.84 -18119.2 -0.13795 
-3.816 -17460.6 -0.145727 
-3.792 -16820.3 -0.153803 
-3.768 -16198.1 -0.162178 
-3.744 -15593.4 -0.170852 
-3.72 -15006.1 -0.179823 
-3.696 -14435.7 -0.189087 
-3.672 -13881.8 -0.198642 
-3.648 -13344.2 -0.20848 
-3.624 -12822.4 -0.218595 
-3.6 -12316.2 -0.228979 
-3.576 -11825.2 -0.239621 
-3.552 -11349.1 -0.25051 
-3.528 -10887.5 -0.261632 
-3.504 -10440.2 -0.272972 
-3.48 -10006.8 -0.284513 
-3.456 -9586.99 -0.296235 
-3.432 -9180.5 -0.308118 
-3.408 -8787.02 -0.32014 
-3.384 -8406.24 -0.332274 
-3.36 -8037.88 -0.344495 
-3.336 -7681.64 -0.356773 
-3.312 -7337.25 -0.369077 
-3.288 -7004.42 -0.381375 
-3.264 -6682.87 -0.393631 
-3.24 -6372.34 -0.405808 
-3.216 -6072.55 -0.417868 
-3.192 -5783.25 -0.429769 
-3.168 -5504.18 -0.44147 
-3.144 -5235.07 -0.452925 
-3.12 -4975.68 -0.464089 
-3.096 -4725.76 -0.474915 
-3.072 -4485.07 -0.485353 
-3.048 -4253.37 -0.495355 
-3.024 -4030.42 -0.504869 
-3 -3816 -0.513843 
-2.976 -3609.87 -0.522225 
-2.952 -3411.81 -0.529962 
-2.928 -3221.6 -0.537002 
-2.904 -3039.03 -0.543291 
-2.88 -2863.88 -0.548776 
-2.856 -2695.94 -0.553407 
-2.832 -2535.01 -0.557131 
-2.808 -2380.89 -0.5599 
-2.784 -2233.38 -0.561664 
-2.76 -2092.29 -0.562376 
-2.736 -1957.41 -0.561994 
-2.712 -1828.58 -0.560474 
-2.688 -1705.6 -0.557777 
-2.664 -1588.29 -0.553868 
-2.64 -1476.48 -0.548714 
-2.616 -1370 -0.542287 
-2.592 -1268.66 -0.534562 
-2.568 -1172.32 -0.525519 
-2.544 -1080.8 -0.515142 
-2.52 -993.935 -0.503423 
-2.496 -911.581 -0.490356 
-2.472 -833.579 -0.475942 
-2.448 -759.779 -0.460188 
-2.424 -690.034 -0.443107 
-2.4 -624.2 -0.42472 
-2.376 -562.134 -0.40505 
-2.352 -503.7 -0.384133 
-2.328 -448.762 -0.362005 
-2.304 -397.188 -0.338715 
-2.28 -348.848 -0.314315 
-2.256 -303.618 -0.288865 
-2.232 -261.373 -0.262432 
-2.208 -221.993 -0.235091 
-2.184 -185.36 -0.20692 
-2.16 -151.361 -0.178007 
-2.136 -119.882 -0.148445 
-2.112 -90.8148 -0.118334 
-2.088 -64.053 -0.0877769 
-2.064 -39.4926 -0.0568846 
-2.04 -17.0325 -0.0257718 
-2.016 3.42579 0.00544209 
-1.992 21.9782 0.036634 
-1.968 38.718 0.0676773 
-1.944 53.736 0.0984426 
-1.92 67.1204 0.128798 
-1.896 78.9572 0.158611 
-1.872 89.3296 0.187748 
-1.848 98.3186 0.216074 
-1.824 106.003 0.243456 
-1.8 112.458 0.269762 
-1.776 117.759 0.294863 
-1.752 121.976 0.318632 
-1.728 125.18 0.340945 
-1.704 127.437 0.361685 
-1.68 128.812 0.380739 
-1.656 129.368 0.398 
-1.632 129.165 0.413368 
-1.608 128.262 0.426753 
-1.584 126.716 0.43807 
-1.56 124.58 0.447245 
-1.536 121.907 0.454214 
-1.512 118.747 0.458924 
-1.488 115.149 0.461331 
-1.464 111.159 0.461404 
-1.44 106.822 0.459125 
-1.416 102.18 0.454486 
-1.392 97.2742 0.447493 
-1.368 92.1438 0.438166 
-1.344 86.8259 0.426535 
-1.32 81.356 0.412648 
-1.296 75.7681 0.39656 
-1.272 70.0942 0.378345 
-1.248 64.3649 0.358087 
-1.224 58.609 0.335882 
-1.2 52.8538 0.311839 
-1.176 47.1249 0.286081 
-1.152 41.4467 0.258738 
-1.128 35.8418 0.229955 
-1.104 30.3315 0.199884 
-1.08 24.9354 0.168688 
-1.056 19.6721 0.136536 
-1.032 14.5584 0.103608 
-1.008 9.61016 0.0700877 
-0.984 4.8416 0.0361645 
-0.96 0.265834 0.00203252 
-0.936 -4.10535 -0.0321111 
-0.912 -8.26135 -0.0660674 
-0.888 -12.1928 -0.0996368 
-0.864 -15.8914 -0.13262 
-0.84 -19.3501 -0.164821 
-0.816 -22.563 -0.196044 
-0.792 -25.525 -0.226101 
-0.768 -28.2322 -0.254808 
-0.744 -30.6819 -0.281988 
-0.72 -32.8721 -0.307471 
-0.696 -34.8018 -0.331099 
-0.672 -36.471 -0.352723 
-0.648 -37.8805 -0.372205 
-0.624 -39.0321 -0.389419 
-0.6 -39.9283 -0.404255 
-0.576 -40.5724 -0.416614 
-0.552 -40.9685 -0.426414 
-0.528 -41.1215 -0.433589 
-0.504 -41.0368 -0.438088 
-0.48 -40.7207 -0.439877 
-0.456 -40.1799 -0.438938 
-0.432 -39.422 -0.435272 
-0.408 -38.455 -0.428897 
-0.384 -37.2875 -0.419846 
-0.36 -35.9285 -0.408173 
-0.336 -34.3878 -0.393945 
-0.312 -32.6752 -0.377248 
-0.288 -30.8013 -0.358183 
-0.264 -28.7771 -0.336868 
-0.24 -26.6136 -0.313432 
-0.216 -24.3226 -0.288022 
-0.192 -21.9159 -0.260796 
-0.168 -19.4056 -0.231924 
-0.144 -16.8042 -0.201587 
-0.12 -14.1243 -0.169976 
-0.096 -11.3787 -0.13729 
-0.072 -8.58034 -0.103735 
-0.048 -5.74231 -0.0695238 
-0.024 -2.87779 -0.0348723 
0 0 0 
0.024 2.87779 0.0348723 
0.048 5.74231 0.0695238 
0.072 8.58034 0.103735 
0.096 11.3787 0.13729 
0.12 14.1243 0.169976 
0.144 16.8042 0.201587 
0.168 19.4056 0.231924 
0.192 21.9159 0.260796 
0.216 24.3226 0.288022 
0.24 26.6136 0.313432 
0.264 28.7771 0.336868 
0.288 30.8013 0.358183 
0.312 32.6752 0.377248 
0.336 34.3878 0.393945 
0.36 35.9285 0.408173 
0.384 37.2875 0.419846 
0.408 38.455 0.428897 
0.432 39.422 0.435272 
0.456 40.1799 0.438938 
0.48 40.7207 0.439877 
0.504 41.0368 0.438088 
0.528 41.1215 0.433589 
0.552 40.9685 0.426414 
0.576 40.5724 0.416614 
0.6 39.9283 0.404255 
0.624 39.0321 0.389419 
0.648 37.8805 0.372205 
0.672 36.471 0.352723 
0.696 34.8018 0.331099 
0.72 32.8721 0.307471 
0.744 30.6819 0.281988 
0.768 28.2322 0.254808 
0.792 25.525 0.226101 
0.816 22.563 0.196044 
0.84 19.3501 0.164821 
0.864 15.8914 0.13262 
0.888 12.1928 0.0996368 
0.912 8.26135 0.0660674 
0.936 4.10535 0.0321111 
0.96 -0.265834 -0.00203252 
0.984 -4.8416 -0.0361645 
1.008 -9.61016 -0.0700877 
1.032 -14.5584 -0.103608 
1.056 -19.6721 -0.136536 
1.08 -24.9354 -0.168688 
1.104 -30.3315 -0.199884 
1.128 -35.8418 -0.229955 
1.152 -41.4467 -0.258738 
1.176 -47.1249 -0.286081 
1.2 -52.8538 -0.311839 
1.224 -58.609 -0.335882 
1.248 -64.3649 -0.358087 
1.272 -70.0942 -0.378345 
1.296 -75.7681 -0.39656 
1.32 -81.356 -0.412648 
1.344 -86.8259 -0.426535 
1.368 -92.1438 -0.438166 
1.392 -97.2742 -0.447493 
1.416 -102.18 -0.454486 
1.44 -106.822 -0.459125 
1.464 -111.159 -0.461404 
1.488 -115.149 -0.461331 
1.512 -118.747 -0.458924 
1.536 -121.907 -0.454214 
1.56 -124.58 -0.447245 
1.584 -126.716 -0.43807 
1.608 -128.262 -0.426753 
1.632 -129.165 -0.413368 
1.656 -129.368 -0.398 
1.68 -128.812 -0.380739 
1.704 -127.437 -0.361685 
1.728 -125.18 -0.340945 
1.752 -121.976 -0.318632 
1.776 -117.759 -0.294863 
1.8 -112.458 -0.269762 
1.824 -106.003 -0.243456 
1.848 -98.3186 -0.216074 
1.872 -89.3296 -0.187748 
1.896 -78.9572 -0.158611 
1.92 -67.1204 -0.128798 
1.944 -53.736 -0.0984426 
1.968 -38.718 -0.0676773 
1.992 -21.9782 -0.036634 
2.016 -3.42579 -0.00544209 
2.04 17.0325 0.0257718 
2.064 39.4926 0.0568846 
2.088 64.053 0.0877769 
2.112 90.8148 0.118334 
2.136 119.882 0.148445 
2.16 151.361 0.178007 
2.184 185.36 0.20692 
2.208 221.993 0.235091 
2.232 261.373 0.262432 
2.256 303.618 0.288865 
2.28 348.848 0.314315 
2.304 397.188 0.338715 
2.328 448.762 0.362005 
2.352 503.7 0.384133 
2.376 562.134 0.40505 
2.4 624.2 0.42472 
2.424 690.034 0.443107 
2.448 759.779 0.460188 
2.472 833.579 0.475942 
2.496 911.581 0.490356 
2.52 993.935 0.503423 
2.544 1080.8 0.515142 
2.568 1172.32 0.525519 
2.592 1268.66 0.534562 
2.616 1370 0.542287 
2.64 1476.48 0.548714 
2.664 1588.29 0.553868 
2.688 1705.6 0.557777 
2.712 1828.58 0.560474 
2.736 1957.41 0.561994 
2.76 2092.29 0.562376 
2.784 2233.38 0.561664 
2.808 2380.89 0.5599 
2.832 2535.01 0.557131 
2.856 2695.94 0.553407 
2.88 2863.88 0.548776 
2.904 3039.03 0.543291 
2.928 3221.6 0.537002 
2.952 3411.81 0.529962 
2.976 3609.87 0.522225 
3 3816 0.513843 
3.024 4030.42 0.504869 
3.048 4253.37 0.495355 
3.072 4485.07 0.485353 
3.096 4725.76 0.474915 
3.12 4975.68 0.464089 
3.144 5235.07 0.452925 
3.168 5504.18 0.44147 
3.192 5783.25 0.429769 
3.216 6072.55 0.417868 
3.24 6372.34 0.405808 
3.264 6682.87 0.393631 
3.288 7004.42 0.381375 
3.312 7337.25 0.369077 
3.336 7681.64 0.356773 
3.36 8037.88 0.344495 
3.384 8406.24 0.332274 
3.408 8787.02 0.32014 
3.432 9180.5 0.308118 
3.456 9586.99 0.296235 
3.48 10006.8 0.284513 
3.504 10440.2 0.272972 
3.528 10887.5 0.261632 
3.552 11349.1 0.25051 
3.576 11825.2 0.239621 
3.6 12316.2 0.228979 
3.624 12822.4 0.218595 
3.648 13344.2 0.20848 
3.672 13881.8 0.198642 
3.696 14435.7 0.189087 
3.72 15006.1 0.179823 
3.744 15593.4 0.170852 
3.768 16198.1 0.162178 
3.792 16820.3 0.153803 
3.816 17460.6 0.145727 
3.84 18119.2 0.13795 
3.864 18796.6 0.13047 
3.888 19493.1 0.123286 
3.912 20209.2 0.116394 
3.936 20945.1 0.10979 
3.96 21701.4 0.103471 
3.984 22478.3 0.0974304 
4.008 23276.4 0.0916633 
4.032 24096 0.0861635 
4.056 24937.5 0.0809246 
4.08 25801.3 0.0759398 
4.104 26688 0.071202 
4.128 27597.9 0.0667037 
4.152 28531.4 0.0624375 
4.176 29489 0.0583957 
4.2 30471.1 0.0545705 
4.224 31478.2 0.050954 
4.248 32510.8 0.0475383 
4.272 33569.3 0.0443155 
4.296 34654.2 0.0412778 
4.32 35765.9 0.0384173 
4.344 36904.9 0.0357265 
4.368 38071.8 0.0331976 
4.392 39267 0.0308232 
4.416 40491 0.0285959 
4.44 41744.2 0.0265088 
4.464 43027.3 0.0245547 
4.488 44340.8 0.0227268 
4.512 45685 0.0210187 
4.536 47060.6 0.0194239 
4.56 48468.2 0.0179362 
4.584 49908.1 0.0165497 
4.608 51381.1 0.0152587 
4.632 52887.5 0.0140577 
4.656 54428.1 0.0129413 
4.68 56003.2 0.0119046 
4.704 57613.6 0.0109426 
4.728 59259.7 0.0100508 
4.752 60942.2 0.00922473 
4.776 62661.6 0.00846022 
4.8 64418.5 0.00775328 
4.824 66213.6 0.00710012 
4.848 68047.4 0.00649717 
4.872 69920.5 0.00594102 
4.896 71833.5 0.00542847 
4.92 73787.1 0.00495649 
4.944 75781.8 0.00452223 
4.968 77818.4 0.004123 
4.992 79897.4 0.00375627 
5.016 82019.6 0.00341967 
5.04 84185.5 0.00311098 
5.064 86395.8 0.0028281 
5.088 88651.1 0.00256909 
5.112 90952.2 0.00233212 
5.136 93299.8 0.00211548 
5.16 95694.4 0.0019176 
5.184 98136.8 0.00173698 
5.208 100628 0.00157225 
5.232 103168 0.00142214 
5.256 105758 0.00128544 
5.28 108399 0.00116105 
5.304 111090 0.00104797 
5.328 113835 0.000945226 
5.352 116631 0.000851957 
5.376 119482 0.000767352 
5.4 122387 0.000690664 
5.424 125346 0.000621206 
5.448 128362 0.000558342 
5.472 131434 0.00050149 
5.496 134564 0.000450113 
5.52 137752 0.00040372 
5.544 140998 0.000361857 
5.568 144305 0.00032411 
5.592 147672 0.000290101 
5.616 151100 0.000259481 
5.64 154591 0.000231933 
5.664 158144 0.000207168 
5.688 161762 0.00018492 
5.712 165444 0.000164948 
5.736 169191 0.000147032 
5.76 173006 0.000130973 
5.784 176887 0.000116589 
5.808 180836 0.000103713 
5.832 184855 9.21971e-05 
5.856 188943 8.1904e-05 
5.88 193102 7.27108e-05 
5.904 197333 6.45058e-05 
5.928 201637 5.71881e-05 
5.952 206014 5.06663e-05 
5.976 210465 4.4858e-05 
